61558.403910174406
78736.51550859382
86325.48231858268
61173.45892584722
46510.008215002315
60596.13478360464
78415.1221529026
86325.48231858264
61250.72717809458
66390.06137102467
61173.458925847226
63595.248546725794
56896.207095303595
61558.403910174326
56914.06594701455
61283.81098930977
71200.77565471987
66390.06137102467
61283.81098930976
52129.05960788282
56291.95231424844
61173.45892584722
61558.40391017431
63740.884918183074
86325.48231858265
65927.11535348161
61250.727178094574
71252.17420726555
55721.15499943929
56633.12333590767
83200.68198389615
70979.16363496799
62649.36388220391
52618.62574460291
58375.267722351724
57990.68940348096
59861.38656402864
59473.597204869264
70979.16363496798
58375.26772235173
50630.28255206433
70973.45781681937
67805.98814905691
66139.21145655458
69289.02696864157
54922.889468442314
83691.20056836185
53106.17903183418
62649.36388220392
70979.16363496798
55721.15499943928
74847.31784380724
83200.68198389615
83200.68198389615
59861.386564028675
55721.15499943927
75320.82399420871
70353.48768210306
59749.78819343599
74861.17265988808
66660.84463478017
66637.06314971377
70426.36150151122
59749.78819343599
51324.00778083805
68875.38473037344
76243.28585432666
70426.36150151122
64612.36333962242
75320.8239942087
64530.59157679402
63674.193471823215
74861.17265988814
68875.38473037348
50682.47459870642
36567.65759410975
66954.13850748852
74861.17265988815
75964.24823492998
70353.48768210302
59749.788193436
81167.8522759005
63691.85996547753
75320.82399420867
71758.34529374009
69237.04724129825
56057.690806152306
84776.28194958903
65449.71672003869
62055.12539453416
60551.20970224427
74353.94146473079
57676.883646054994
69258.6836466482
70697.64326372412
66033.7069985701
46104.425903622534
70847.49839864185
63499.972171189766
66413.00354508297
84776.28194958906
74470.49948453406
66413.00354508297
58514.35964512027
65449.716720038654
84776.28194958906
70847.49839864185
69237.0472412982
56057.69080615224
56057.69080615224
45883.49478497047
70847.49839864185
70822.2612257765
58474.936051793105
83361.68159241212
55647.788165909165
62828.81482858167
52796.028600744765
56729.63800454047
83361.68159241212
83697.18774074213
58845.96663048357
55647.78816590912
74813.69820269602
67471.3273665967
70822.26122577647
50706.85474469799
59963.8036185739
55647.78816590913
55028.795883381455
59963.80361857392
53304.88166718841
62828.81482858168
70845.6980846559
70822.26122577647
58474.93605179312
58335.63728821729
83361.68159241213
66234.6737207488
69630.36717800712
67374.6694758481
57515.53069484333
51012.42198549182
67872.13855076417
64298.536903868466
48173.6107534019
57495.070493547144
80073.77366030334
57469.05176291737
59564.459449535876
67872.13855076418
57495.07049354709
49530.634792254175
62909.11658136603
49547.652638352665
80707.50440943189
67872.13855076418
59564.45944953593
57182.26128683372
74998.17452429907
59052.05117120273
62392.507973764434
67374.66947584815
57515.530694843255
80073.77366030333
80073.77366030333
80107.6713413529
67374.66947584815
84748.93575186872
60411.11640090702
56270.433525779285
71877.8692882957
65600.43263822242
62259.63709380086
69344.7764284107
56270.43352577927
66531.4208858403
69344.53771676832
70714.92770872792
69344.77642841068
63686.92796636692
84748.93575186867
45622.088407471136
45882.125740024894
70714.92770872793
73931.16195495272
57689.27077116496
58714.28545401745
65600.43263822244
70714.92770872793
70683.90646996856
66190.57544190696
74606.53356226171
56270.43352577928
66531.42088584029
84748.93575186867
68227.74750604924
58929.41429255318
69922.40636166108
67920.32659090935
71344.40882916837
54682.9327772392
58913.56574769741
51889.96738858783
65468.088508935885
62603.38502559019
80336.57270524523
56772.614769640684
56766.35038245995
79949.55072037289
56672.61526147651
65382.99935686585
80336.57270524526
62603.38502559018
65382.99935686585
60069.90990899769
80659.75412189565
80336.57270524526
79949.55072037289
56150.47541412356
51889.96738858782
51889.96738858782
65468.08850893591
79949.5507203729
