26100.403577846777
35810.87059886253
37724.32035361804
43029.3764139695
42202.21853419771
39627.13212699835
48426.991042487825
37724.32035361801
29541.364208874744
27893.44743068413
43029.37641396949
30201.145155697126
22496.859815793436
26100.403577846755
23009.304346610017
27406.271373722324
19787.552283708766
27893.447430684133
27406.27137372233
23456.429096561733
25127.499193896372
43029.37641396948
26100.40357784675
23746.83210342505
37724.320353618015
28863.09794564086
29541.36420887475
36947.00986215781
30418.00270484279
49144.764883787575
57753.16738150471
14629.739100598312
21321.158363272676
18815.921499014596
28152.374752527205
47150.04276753168
33815.05690634741
18545.128390540493
14629.739100598343
35152.66716971128
31920.492491291126
48621.13333307665
30217.924979361986
26447.822268556403
33974.4339224646
31735.913303518508
42332.80028207436
32062.459368475924
31724.240110556235
14629.739100598332
30418.002704842787
48734.035839339456
57753.16738150473
57388.01229145847
33815.05690634741
43202.67876725193
34449.832991253046
27619.578665239416
34132.648986174914
41164.27213002448
32404.169470465553
14643.467236943707
16879.095343242603
28485.281788282442
35794.19912197509
43890.16391042122
41164.27213002449
24203.67533299467
26641.870205325115
46518.66732139245
42437.50172666223
41424.329525327725
36042.061215328715
32995.739305716954
54408.80712818986
30886.926801420967
30938.618594621727
41164.27213002449
34449.83299125306
35503.351314465064
34132.648986174965
41857.962775462984
35794.19912197511
28041.52240345814
37278.349969039744
25216.365622617202
22398.020261690952
46008.784550958524
29110.153220097534
24354.315913422513
30021.14199842543
35401.263911586706
32738.45215066475
48816.24829781623
46008.78455095849
30021.14199842545
26570.83635915198
36540.18841688708
33952.29334100413
25983.36742554846
26405.890302281634
35066.478388385236
40696.36315200682
26678.444367210126
29110.153220097498
46008.784550958495
37278.34996903974
26297.73218223404
22398.020261690985
22398.020261690985
32738.452150664732
37278.34996903974
34043.00453897605
39849.14675748866
27109.26521160725
57164.16653433562
41979.41856742529
56828.57014865982
45665.72344184369
27109.265211607242
5598.720029597111
24422.818954645165
34684.8123720983
19017.270556429943
14859.580415866665
34043.00453897608
19298.55722547092
23798.08486930262
11188.769606084383
24422.818954645183
33426.43019842143
19561.54874597734
47817.376029777246
57164.16653433559
37608.88959168093
30370.175143940163
27109.265211607257
31357.330767071016
30097.845235458924
16161.035312575365
79436.18498343992
63836.27896355832
35067.10633626426
4878.876688917212
25645.742355889033
11332.180009041542
15999.457974524586
32721.30114826989
41053.53965326862
47323.177538212236
20727.242056497795
31562.66680784352
18383.04981919159
41516.37428323702
57459.12336988223
27425.225911193058
42474.49289441425
12389.087591562384
45777.98293611326
29623.989227356633
32006.952688107336
4878.876688917264
53270.8639419332
52860.534636009084
35067.10633626431
64864.50292138276
33407.64079214209
73629.00208852396
45939.11283428921
42440.343135416304
32652.682489937928
41747.75234347031
25598.228560866104
31792.094007864966
47237.91270924871
48638.08062232377
36949.3033426144
41084.48534287985
45513.70944948882
32370.856106607942
32495.2347514324
37800.41786138411
13358.482855546978
30674.67606854614
41872.28878540615
50067.578388103735
21268.986230103714
23492.906690054253
22984.52040225682
41747.75234347032
31645.09042074693
15775.47239445877
32652.68248993791
5598.744496229242
25781.544092374897
21853.40514435921
27989.990115425848
25896.354663009188
40677.093222583455
36706.328807301674
24663.734848211174
17725.89886247873
38235.58352269617
15111.073652785619
22255.37613186654
33498.31481242956
18189.397003716047
22955.42943693411
33477.123268137024
23071.703875539115
35972.9901040335
23092.54889819676
34593.5344368562
37657.64197171913
35950.76322567507
17841.25464335763
24663.7348482112
36706.328807301696
38322.37908886219
40237.01242213371
40677.09322258347
40677.09322258346
32761.837166814745
38322.37908886217
47630.23999902182
26218.22940853983
13236.745976957573
47355.036054168624
47067.2420906742
8637.742167158165
23703.62393322105
13236.745976957583
43291.87489416397
33566.405969371655
28840.266466344918
30383.27179672422
31212.96953477869
47630.23999902185
32047.325807568108
22228.71129513535
51181.06335315612
33566.405969371684
48004.71678355058
40099.20011445985
49561.35047105081
47355.03605416862
32648.070411315195
32324.119589654092
13236.745976957576
45921.1794039388
22115.79215660064
48511.7053077995
30719.277908916145
25897.550885773497
39633.444940005546
30346.01458941679
25654.0448542893
20587.597625069582
8716.368957662055
44021.90627833813
54849.86209000919
52471.01180694761
50435.07110788035
15857.550366846346
19306.560003486004
39895.527848318365
28828.706443989548
44306.89437653437
17587.02861132825
48492.14100862382
52381.67422205962
37471.54614725035
20930.330347401978
30346.01458941678
34130.85966636982
22587.91302863104
39633.44494000557
26847.15842122904
57361.196596220136
49915.241873510655
52928.74834870066
46054.86432883084
44795.20210971497
17380.23475245629
42516.06510194399
40432.12600462212
48682.15160897722
16967.29237123274
39111.102117361166
9946.954305659101
16651.163584930222
31693.156210366375
35375.463133220546
39788.55018600376
13873.299408965946
30718.101083051602
41083.540324608126
31991.66110305571
15785.476475064688
16053.807614311529
34524.89139789976
17380.23475245631
29811.399881436148
41019.89238378134
44795.20210971493
48063.01839696986
27509.415480692205
31881.44693689183
32104.141654575018
21686.374171813382
24868.943983076428
39410.32408066447
26296.176305600395
17898.43082932151
6993.081661506827
29887.79556526044
24084.35182384006
46385.26796803579
33413.44186344715
32202.16074859452
16979.849166989516
13507.819598865653
56679.47509523449
34869.26139847658
30250.853869946208
43031.465692719794
36881.06134306097
20256.621481742317
26296.176305600413
39410.32408066443
58476.42538755272
47828.16426379837
24868.94398307642
24868.943983076428
27972.868162666324
58476.42538755272
31068.716356048484
31943.608134103706
44550.64732622729
29820.91950092899
27291.009941144912
27526.973677445778
32009.370566350575
44550.647326227314
38114.23564096568
34696.49388154393
36541.77486775013
32009.370566350575
30605.494720214825
31068.71635604852
30533.854401551493
33551.25045275191
29820.91950092897
34696.493881543916
36970.87692633126
26053.563476206862
21267.397223357395
29820.91950092897
36423.819996544335
31943.608134103706
44550.64732622728
34986.54457367039
33782.41127399953
31068.71635604853
26795.836404329842
32368.353623870178
40448.19734300568
45877.909685664345
32225.840942446022
28304.16737309508
42500.28502789418
27037.32402322827
24665.783219513487
26285.803910568076
27721.64816492792
33078.30299776397
32757.90247231794
23613.040510541367
27601.20080304077
31179.946749648927
45877.90968566434
33910.433394247186
34626.84706399945
25094.02021062796
32469.7097809435
45877.90968566434
27751.938551815685
32368.353623870174
40448.1973430057
41116.40470502031
26985.990264691052
23613.04051054136
53834.60078905899
35434.81991524396
28040.865457378703
28185.454642611745
35589.382632001165
35284.889738547434
35663.31771409991
29285.071245148494
40254.58359055495
30026.17844019919
43844.32199173496
41351.35713346884
22689.604281343432
49060.897354361245
28412.6232041497
25280.293257738213
28185.45464261175
25503.44701903684
14905.830618238231
28866.800537040865
53566.0073668533
28185.454642611752
34195.44201379693
35434.81991524396
28040.865457378673
39726.12035136077
36244.21842754986
49060.89735436127
25005.446159079675
30349.511366266655
19069.198490142164
42209.64693369663
29328.886571644132
25097.43568452574
31432.984981284942
35661.36432865138
23531.337807026608
38736.925392298515
32325.442536831855
23723.118024777432
33728.35786290489
46245.44496191625
26606.27077197125
31772.90565998108
42209.64693369666
50327.13716606284
31772.90565998108
26421.12930195975
29328.88657164415
42209.64693369666
46245.444961916255
30349.511366266677
19069.19849014218
19069.19849014217
38934.49873088427
46245.44496191626
38287.736083750504
33925.142017656544
21919.829090849467
48907.26837145527
37770.47449178873
32575.596907700437
29532.254991168327
21919.829090849445
29367.755713007053
34445.80181039878
48907.268371455284
39069.23890127526
33694.37721124609
38287.7360837505
21298.155735349857
26839.54256819719
42938.97026673794
26140.730122608293
26839.542568197172
20630.474670987616
37013.92802330776
15119.755153075866
38287.73608375049
27170.862845264513
29544.116804454
38297.53492959217
25754.29442415535
23122.130163478552
62296.95669502694
25872.799706572114
25087.406987533694
14659.418215577236
31407.81964351455
24051.413500123406
24520.494374242273
51322.97629565197
53043.84679987484
37782.32187717004
14659.418215577227
39064.64480550183
32382.185237245765
28877.300124343103
30049.183983787818
25278.200048658677
11773.070340016304
30350.408119366475
25254.87237231732
26424.501740994594
30031.379468869578
29200.097968701004
62296.95669502692
34663.091808696336
36945.1745098389
48063.00249142603
54839.2321880955
51426.28347504963
51914.40810885323
25686.030431393927
22195.300628378813
56367.5377178257
77810.11321811813
33639.63363378583
31025.404569167145
26568.63600202593
31738.49886040061
17968.953747442367
56367.53771782576
26604.08427934913
6813.324230221326
32056.85408348213
15195.153215975568
52910.444396149505
38698.57563030699
27162.47678599434
25878.23413350544
55006.012141696854
31091.228149651186
37731.97488744221
51914.40810885323
27318.150241639152
27445.649137692857
26722.419586420485
45886.64463684846
41578.97684666472
40295.19042256487
36169.33060858642
27433.734953739004
45345.77168348225
52557.158878530536
35810.34422527565
37634.00323384568
35847.155807050556
29391.9639772508
28589.65345037798
45345.77168348226
37634.00323384567
31810.90503936839
44075.63845711368
14162.804450361804
26376.104643834893
52624.835178738846
30976.262191093578
30385.919768317777
33488.47994582655
34769.168988878126
22668.893524993917
40295.19042256486
39076.19623978041
22464.61791464026
22464.617914640265
21808.53525999006
40295.190422564854
27123.34992030447
15515.28072066122
31076.170723141462
35931.94251824535
28209.84983393382
-3163.869957176056
27234.095771406457
31076.17072314147
41673.979392776164
34009.331960463234
42891.45292114192
40104.67910954722
35717.88732957753
27123.34992030448
21594.169612445974
48259.355588338076
56692.49724515189
35321.92203445769
22902.727658700045
46345.19664941049
41133.949737859606
46783.49857024937
19612.22576327785
32869.15657358571
30406.879501263997
40083.18015035684
29448.540527018755
49043.11196867932
26156.376193495515
18997.845935993042
39245.66275309931
32812.032657189324
4408.110059687018
15110.247155915094
27984.19365404357
21416.272139320205
45765.0846739182
49464.79620319124
8858.519270987112
11115.402163628292
27269.765350551068
44910.15424685569
32121.930547187632
61379.231546582094
4152.662243878043
56847.573364848526
41516.749736855396
42070.70197881492
19252.730617708752
27243.930372502986
64144.850185381685
48880.11624258883
70872.71949188935
24090.89354307462
59518.158213184
75473.44217375488
31330.189691282576
20561.7967738758
59224.966479094495
31704.85234737026
36757.265904662774
36945.05502878556
15950.63995339422
40705.361008314314
57638.28142659814
-36211.04675658974
66437.50862924238
65379.64870841063
34716.980068207275
-4829.071356678811
-13766.075771983695
8418.931293471383
113637.34205217734
61547.93718654018
61060.73721356872
31859.29103979219
96632.19794460585
42114.09555495636
45580.472763483674
29421.606881056367
3143.1026189265513
31979.11363023601
3779.968603649102
-14621.089311097494
24196.57240993367
24751.038489294893
23099.397621890177
23766.49702630534
17881.215989913453
32478.248627467907
45164.764244953316
43485.34746836517
28897.75594852258
8573.354478611793
46473.17591808885
42331.755159903965
31530.586581762916
24100.517960649602
16248.967319632324
36989.6444004034
19662.40023815643
21126.824917759608
42172.93977614015
34155.39856123044
39041.170822441156
33202.41803544999
9227.525713605522
27622.991405948156
74869.95750372368
74869.95750372368
59787.35051894719
9227.525713605512
42580.477689077736
8287.46034382077
32952.954710333725
30264.471428995676
17444.42772783228
6738.236605596543
24433.09673554761
32952.954710333746
62714.45217678962
50324.165257941946
48558.019703204896
23493.049891012968
35030.95863397788
42580.477689077765
29894.146265517244
56667.82033514073
33344.200060562085
62433.902086067545
45252.6448294138
44287.33982694134
31645.342150041863
34853.699850701974
40652.406146193694
19035.996466365676
46100.74427563083
26606.117356816478
55470.96388471016
53085.005357833084
30232.31325834467
36208.437094113295
53530.34834799608
69968.89892771727
32798.759219552165
-20844.319477357883
23943.892969107623
32299.18542233277
31580.178626954992
57312.295185108094
34189.18644010733
35444.74737236515
54857.8075686917
39828.630926360005
35973.37630008169
47625.783240120465
61121.87421971237
40909.68379412215
68269.23215381286
33687.553161669566
33151.7939030445
45144.72106869702
44762.22975689771
19685.00380765416
16761.18405997344
47000.986049850246
35298.86393467956
19363.910076534004
37224.9506511103
70302.64670644185
29041.762356283474
22765.313046387797
604.503356924993
68092.09358712529
25247.906086618303
59270.278840251805
12896.931632889424
30665.397944802484
43295.62701057454
105031.97110483982
11896.259896265406
-14557.632225199774
10013.234837868185
29317.21126375483
44244.70713933225
14429.850855688917
37631.63552997418
36073.79474130473
36525.512981068045
53714.84512662771
-11059.283163356253
29909.675611382427
99127.66815763952
67332.36658371234
49236.80042203666
23104.25891925481
14038.570134612439
26019.40250050419
52835.51569213865
66730.13531760797
40640.751543601735
12220.727544056277
26218.860128014334
26495.44368709459
29486.938356087012
14592.852714789828
52347.32144580657
22717.669521470103
22728.76668861989
16245.166865993047
35198.910823093094
66413.52734800799
34888.80955234018
19995.965354517142
79289.16119989577
42416.93514355835
19281.06176868627
54706.13596612808
4787.594748530582
34990.146728578
60677.75595240138
60677.75595240139
32278.044065040343
4787.594748530582
32625.95515628993
44207.99908542892
59897.994113321
27816.114597546286
24495.912232997303
28324.352971770913
31066.553093907878
59897.99411332102
29410.102113586134
29412.93330036814
37366.833773697355
31066.553093907867
33601.76216494654
32625.955156289936
38226.3392376274
31633.96093660875
13613.266250399352
36404.83081907565
38006.58129010821
16970.550662140464
15341.502126465228
13613.266250399352
32500.21277711007
39385.08117295004
47115.02918327767
40926.96414800653
37504.57629756303
32625.955156289947
30861.573241598362
27840.349491406232
38648.079519751576
21617.759518050498
28924.61967237675
38213.94987134679
50956.12351621463
32705.414084563312
30658.20446386074
29784.825315028866
33707.7196734065
42492.610391215945
26964.708357254982
25730.97445125903
25244.323169718355
24106.56709489538
41573.460519431595
31182.830463410413
25998.536296527433
17818.71029202496
26190.656913832165
41573.460519431595
15756.346450487557
37710.89200363419
58588.97604531092
36401.326249576174
27637.724363582176
25730.974451259026
20438.53674991831
31346.224250838568
36483.9544071204
61523.54286344087
44371.03683990415
42687.58950989948
53421.6078231771
20357.280257391063
16910.565494843657
29189.812779779084
30018.572168861538
31668.37409342237
54607.70738243449
28468.886058177068
9200.444370533452
31102.092649512782
45759.348560622886
37627.36668061408
29476.891823564547
14549.298065351864
37751.232019472714
45759.348560622886
57849.95567034058
41026.42397589787
39244.7976697231
47007.258404025684
40270.46407513716
28468.886058177064
41929.53762080964
29025.104927868277
33192.687507992465
48320.18647136438
33490.794668904986
24738.285289701307
38876.83376132781
33167.29863088013
32412.36062974575
33613.613369074825
54152.79232395971
38967.34353056479
17672.399748366148
20313.990237981456
37477.33672336255
36900.50057824659
68182.23393337903
37972.854046292094
36900.50057824659
37926.35745099663
47885.87226679468
68182.23393337903
20313.990237981456
18012.556573081318
23253.492750861104
23253.492750861104
21520.53591016821
20313.99023798147
24433.768151849108
20488.28557769877
21033.15809290178
61161.55826302472
47056.50109767182
26635.364363822184
37025.59120375331
21033.158092901816
23336.08313422274
31200.908517406482
61161.55826302476
36324.34397680041
23294.958807841915
24433.768151849097
33072.74181037365
34084.890573810015
51560.914244899606
33142.062289005284
34084.89057381
33622.45582735265
38146.56053945492
44879.758600208406
24433.768151849097
29160.86251005734
28563.87537228651
34911.88158467885
31386.552757538408
40537.24795179632
26753.494811647266
41628.09746332058
29319.812837417354
61239.56286166793
24059.002224383283
42327.37874903625
54978.69408076545
44707.80685297241
34844.88642710397
50244.34454532653
61239.56286166793
49184.00883858914
46577.973790583914
39774.88521523946
14079.220432221835
30170.094598438685
33811.68350618547
46978.85118282736
22680.6676275434
15279.861138515396
28953.427615208282
48227.66849210841
26753.49481164727
25840.08191084559
35906.235951915136
19684.104646218326
24272.05633552686
31645.36287269626
35444.81545729153
37360.19249800878
24592.300263594207
47321.80651320851
54674.81818934174
49059.55605341853
37963.34471897645
16791.444153061002
19261.32121410225
18060.8292886947
47321.80651320848
40445.97633871552
17138.235416002368
39106.0496803245
24270.87037226807
12736.345201664477
42112.914596215305
34143.77542835697
38535.06120316936
19915.886543271226
29646.559026749364
46660.862252322084
35444.815457291515
33664.33836192065
35493.976322507944
25500.537025720118
26722.03731812688
26567.78687130823
53860.72381645795
36443.78442579589
42142.19611202468
19296.264146820922
32466.98356499607
37100.19597126699
38882.46193646802
25441.478082755835
33701.98590697977
39518.05009959397
19296.264146820886
38882.461936468026
35545.09667433399
31401.363923552228
30910.73740219572
22603.015173441152
29995.483932464125
28009.10589146433
15167.31400485123
15345.89786797615
36998.23382543505
31703.151574150204
53860.72381645795
50242.58745368842
38721.04795362802
38721.04795362802
30747.944074609808
53860.72381645795
20948.06156163649
31242.042994837408
63292.427288360086
20706.204658039762
28245.5755623807
28674.103074304487
20123.386060054334
63292.42728836009
49227.678126162325
28007.42176558658
25409.516370701505
17031.03503581833
13847.054957395323
20948.0615616365
25358.833223546553
59166.84835972187
32570.749412645648
21701.4772108815
55410.59310848333
46014.03036330114
39008.64086271835
45476.124251848756
43424.96244743936
31021.12065204268
33457.49310888056
22738.588268636624
20389.87058626964
9680.008705048833
57704.74379506965
40983.90955191152
28466.23786104745
46335.76667837259
33097.273964564076
9924.467400293426
8262.473830442681
5374.187687438972
32551.006888275384
49536.76170781623
45820.06865623756
25084.367302885
23466.301394527592
29378.929613870532
67467.05756915036
39127.17587965001
52314.226603869094
28487.677572980356
43900.86810730983
10011.213283547677
30523.27189171316
27334.03053978605
41324.12404613866
45293.814682972996
36120.016021315
34866.28421735139
21212.75888680551
6235.321870010179
70581.12026010116
7322.381724794992
-20515.866479061402
34394.69508709536
47915.369039362246
21712.118891417438
6.421143650970104
47750.63231898242
3334.06413073019
39229.48296115077
33857.5051733933
32198.856087177108
-9371.76668288804
68880.46352476548
46810.8675861293
22896.057780635398
35982.76701301134
60357.108865121096
24421.582146466862
46404.34007157833
35522.15503174966
41072.79540918887
50739.30166350177
74626.65315966771
-20100.81719202231
11796.23947800157
11829.866392680371
60370.25473883407
51648.60652480552
27364.45821466518
23442.853526340874
15121.606107116635
28293.373360515772
28368.835154383232
18040.610050138992
41001.57798142765
32710.897061659256
41496.8424960965
22971.595795430025
27763.637776236523
23285.413749151783
17625.055757328664
37208.26414491679
30802.023632101314
16890.538178265266
37785.80292723977
17889.126076418062
29286.59697319127
24197.054045928067
7107.847537575644
70834.96542751591
54057.445128004874
38640.679153539895
38640.67915353989
43566.096302060985
70834.96542751591
46842.88623801339
31607.173355690204
37306.592029373496
31431.288222565945
31678.929315544123
27121.90413242075
35200.14412910826
37306.5920293735
56225.2844839237
35301.51716209386
26793.626219414724
25555.288078012338
24664.002388263
46842.88623801333
23603.304994662034
33483.39909449287
19900.31788083741
26021.24920350982
31894.990823643322
40122.07824525612
47960.585605096145
33713.62296301617
41055.48176936402
34198.70702067396
42510.53203536072
40138.496654526636
43249.649970392886
49397.23457288473
44013.88718436753
18827.635847838465
35988.04235020358
8307.758640204198
32645.543764512637
4440.456873666757
28937.3180699563
37192.37767217161
37930.854202493545
23263.313781388664
32590.084982500528
28149.852237774096
23292.609844091527
32036.939903042574
24986.713580439886
37491.961409188676
41527.80368934036
30530.071306835194
30841.75565386129
64008.541248145615
60074.607573503024
30837.192075916086
13132.173468979541
35372.40144214969
24030.03508826162
33449.62896655351
70308.12733284189
79744.19242131023
10782.93738258457
30292.43848508064
34506.65435160689
20746.156680094085
34479.46199759754
36302.028185707786
15214.170178428927
31931.6224860561
50905.76520862123
27880.163640616305
23088.28729165524
12736.504312084642
74018.76598134282
72870.52849226074
-15501.946961486688
41127.537358320194
29283.51592885149
32446.22633259672
16998.283674030055
8187.507926471913
43908.19772430301
28769.756703761268
15194.899994978809
19950.85889027936
22404.322791746676
17587.650341420063
23266.156833170262
10504.444487652368
16787.57748443109
20075.893680347886
13574.820625305278
12658.387828963387
25793.710840341224
18678.754414264324
18588.588321061212
27105.735333723143
15354.114857196953
26018.115087305247
11390.173741092603
15276.895558747634
22574.290432667018
16890.869118369268
31808.50838628973
31493.56711719504
22259.814916120886
32441.484531186252
21421.51650127018
28861.16256009997
25585.319841346784
20982.137229803524
59719.18462183695
40644.534818918
40165.070251878795
40165.07025187879
43455.30083511072
59719.18462183696
35807.59217905165
54462.2186311992
51239.86152998978
43444.44520115254
32344.712517698616
27605.13169814826
32739.803839563927
51239.861529989736
19626.59064160081
28047.02975154952
21649.732925731678
32739.803839563952
24326.198545993604
35807.59217905163
39394.397271099755
43157.3723111983
23792.375082714374
33225.98514040844
29199.26673509075
20608.445857872575
29208.78073337769
23792.37508271438
37979.605345623495
45500.493313656756
32537.387518316424
38604.57327622576
27072.053743134114
35807.59217905163
35952.855600628405
65594.51332650465
33147.71535804165
24973.95866293482
23881.689770370263
71658.58599235663
33019.77100984326
92519.71959816205
20424.711264891193
28958.85486443633
25757.064238915304
41188.131334306345
8358.8426970804
24330.785699321084
16211.294000846203
27762.67050491877
28383.967896867493
14089.446870882952
48097.85781035177
21834.869619023924
29499.335213764225
28383.967896867493
21265.65935554573
36671.89915400541
99647.45069435216
22261.047176366457
41605.04113431483
24330.78569932105
41396.451982979874
23384.02727795839
9830.469895419365
34937.72183452994
29456.34130067068
38931.91928265841
55826.47209846456
7312.339767524702
30618.152536050377
20615.846280540933
36820.97709390628
57548.72375435382
30521.152149699352
23386.74267985658
12425.170975776427
15927.649640127727
55532.44755081316
34654.485172438624
12904.231580401707
19145.037371356415
35578.116813915985
55532.44755081316
6559.869331522088
30968.431753545796
40417.23039513678
32136.789062222666
36232.361876944975
23386.742679856594
15758.040415967458
26779.552716427046
22468.266684797436
25257.870543226305
30474.32660296293
27832.440511450724
19614.94112320892
19886.583876322293
27608.834331163827
31938.082597421035
34218.74875750434
14915.72305927601
29904.662137958036
54164.09000610628
27110.988038878106
33948.1110611738
42959.865384166515
44928.11735808244
33948.11106117379
27710.670300953352
44385.861675752254
42959.865384166515
54164.090006106286
35836.930193114
16126.401478315593
16126.401478315596
40888.527276930494
54164.090006106286
40580.17281246766
33938.74685192309
21297.553067010624
45375.08090574169
31463.871050818627
28888.29180085886
27278.54597139417
21297.553067010627
23707.75726124223
46505.64808970279
45375.08090574169
32640.486278690678
27092.53516148476
40580.17281246769
30314.31732033654
32586.74175572198
45375.08090574169
37106.54013579211
32586.74175572198
27348.938754043233
31463.871050818605
31809.552892729185
40580.17281246768
33938.746851923104
34743.663792312516
21297.55306701063
27252.015718360108
36297.46688044054
51963.33661957135
31202.166744121365
38376.12854058349
33219.219371671585
27643.57464268015
28577.676282119806
30717.506900030523
31691.230898707636
42064.89200505834
43936.99333276675
33219.21937167157
47206.70367653219
50762.045845063054
44447.83699752084
24236.41437009421
18991.671732496576
33219.219371671585
29608.18174819471
21130.80631801647
7113.808992044273
38739.834262335935
40968.12216247214
51963.33661957136
31202.166744121343
15815.73485744764
31691.23089870767
30347.874434400135
26945.620361693072
28688.174015666118
30982.408385346993
22442.215881731547
35868.90868834198
28410.737531513147
23620.312480699806
38526.72754301017
45549.725084418955
27637.349541983207
36795.96784587914
35868.90868834198
41810.03399664689
32396.47498915691
26141.405229923228
24287.574019054777
31393.0935330439
35868.90868834198
30359.98261287601
27034.227988652605
29608.876368521087
28412.44716950773
32165.689537388553
28688.174015666118
30982.408385347015
45920.69427087004
45549.725084419
38809.828364903195
39138.60144395629
35404.047468905024
34509.14617603176
35887.798572491825
26967.35459871316
19855.14813875005
31066.049909528392
34867.939023237326
45031.33578086878
35856.49912554753
36740.88968779358
26967.35459871314
34867.93902323732
34499.688657445535
37839.46245343134
33625.21370583487
29607.34401910271
26967.35459871315
36740.88968779358
33529.406231190136
16895.30061183841
27739.269614104258
39647.69792039736
35404.047468905046
34509.146176031805
45031.33578086877
45031.33578086877
36700.38460521076
35404.04746890504
25765.61471270445
46092.23814255961
50102.682939710794
25199.06138839699
33405.12065056956
26794.30328008377
31187.17306414869
50102.68293971083
28578.311523134616
15061.63557276087
36032.19274274301
32743.317028868885
17770.43912309255
25765.614712704475
41744.425893810934
48020.75885385651
36032.192742743006
29852.02044957068
29520.022124978008
26068.664752631616
33405.12065056956
39616.02910976033
22292.153120368646
25680.952413669256
16885.908850651547
50102.682939710816
31459.61714906813
34841.12867778288
25316.210879775204
50223.549604337066
12904.553904852099
48833.821922841555
26543.56889637341
39328.08497607538
31324.699302527635
25102.153459378038
20640.86361212809
45916.10152274143
41460.255479711144
28224.50582480419
-2263.4953196217075
57001.34867998283
43172.35579631572
42542.589319736566
41460.25547971115
46321.9251560557
30841.034334837223
30068.231586326227
33909.69126998505
36175.90065644329
33702.168986402554
51426.52272392493
57475.71629469578
25102.153459378023
26716.501374221
38457.497464563785
20752.21452470662
33376.69463738517
33527.1164240475
45512.889011523715
53544.30413594148
29042.431266717816
28939.570326381177
19594.265753088745
15890.44220909634
26573.586850807602
69266.7504324209
21765.254502174277
15293.966048541139
25556.56403405642
45198.296857686815
70665.94052877087
69266.75043242093
42730.53581329028
34486.0700107736
30203.202348037197
49157.45655361301
54203.338821958205
37444.9447956753
37922.59804482553
21931.78932933673
19594.265753088748
17168.69786557391
36035.38044329181
33335.03798893534
40399.77658610778
42069.09477577176
49330.05281646238
22210.777902523405
18006.130914286
33592.177797121134
44055.6209447156
33429.355895747234
39817.1997720055
37181.530209681114
27301.010517597246
35785.66734191688
39253.24172501783
40428.94115835665
45192.21880722551
37181.53020968112
39817.19977200549
38536.096175006875
24911.321155616482
28293.664616018305
25753.13882020111
25930.493856670182
38777.638105923266
44055.6209447156
44055.62094471559
23140.46951002651
25930.493856670182
36532.96840171332
24189.8238806125
32221.436603147136
42189.14391364973
33005.24905339513
27894.34096687862
28778.41125512206
32221.436603147165
45594.86025772387
40512.00255116499
38906.48963875826
38575.83913119587
43290.46733032681
36532.96840171337
9956.390525189196
30092.714950872934
38906.48963875825
25917.334505394436
33963.57015973815
29380.117552118245
33005.249053395135
28141.41269157626
46132.662329526414
27038.81964927663
45581.86305513653
32221.43660314717
31850.746718743965
22367.80508190254
48977.90766556921
32834.8771317699
51347.856627730536
29521.25583305498
60618.66036404163
20525.92701345621
31216.06134020232
35478.72576812463
51197.029813708716
23792.33820691281
19489.157468934016
22196.762150739418
21208.93845251819
29625.57617083712
24249.157568201557
38298.39242102494
19489.157468934038
24262.232029295657
35794.623528685646
46038.31220843218
26371.06449533497
37392.438180539706
61737.60954757445
18823.153138087117
40837.11269674981
35478.7257681246
44181.804568998734
27419.596484206748
28921.150569429316
16145.01940012029
51734.18227358428
46367.33102062867
35485.13619273728
51045.073631159416
27942.994328002456
42266.90813900382
33974.881203339
20999.12464059333
66523.05770135352
70669.9734621344
19736.824143564096
14642.024130381811
15847.240369745161
41607.76311668326
66523.05770135351
23393.21195019845
20174.790506665857
27415.6617757922
58989.032013599106
13517.608895134432
15259.860190781583
28675.014026567344
24201.500478883812
42266.90813900381
28989.43666930652
7045.017203525607
20960.694631255366
29362.199445490915
32655.975106502166
28426.364265925604
18044.970237013633
24914.650383927346
31150.592766916372
49696.837157627604
28589.477381916564
34964.65409681083
51970.13979285515
43667.40960714115
32377.945911653696
24810.52924286801
31393.704580847665
48711.70394446893
51970.13979285514
34964.65409681079
30475.7419410843
27138.113836677847
21124.78811047521
32243.668648837443
16151.655531441022
30679.256411573202
49696.83715762761
49696.8371576276
35745.96299340501
16151.655531441033
42287.29234878112
40605.0574209765
27894.300294385437
31294.014930624908
27905.25842727777
24222.073270458935
30002.886554443397
27894.300294385444
28344.3838858951
29983.25954122014
35919.6057362306
30002.8865544434
23922.670561517974
42287.29234878108
38023.32917842607
33416.84339759184
35919.60573623064
45456.38524464941
25575.60657106252
23596.383238644543
27905.258427277775
35919.60573623064
22916.10679884852
27229.124462746448
36253.40961554339
27894.30029438545
28344.383885895084
42287.292348781084
37113.05770703686
51814.719530519986
41453.29588833945
29323.1663788341
27884.092060366696
30627.847009394995
24463.753887450635
38680.35388155862
24503.961042221443
18140.3482554419
12904.418887394293
16454.98503166277
21854.976426610414
61257.94279581483
34223.40422661314
40642.56402183887
12904.418887394297
37388.096254346405
19884.44613983877
23106.704722867027
36483.767699221404
12904.418887394297
18167.316636674266
60918.496299564154
31782.224599593425
38680.35388155863
24503.96104222144
61257.942795814844
10051.132608251419
5539.828216428592
13944.17925564614
36759.74527945106
27826.94375877926
49340.595056890714
26761.86520269592
39916.762586534045
34849.87865666202
26654.952688110243
43920.12414250721
50729.29077225621
25493.229301243802
29297.14922988641
4631.112135292011
32253.3625260059
43920.1241425072
29993.022447304065
31802.63222695801
26129.720007619835
48675.22598898713
43920.1241425072
43657.852271031064
39390.77758247405
46913.861904693505
39916.76258653403
34849.87865666202
29297.14922988641
40707.04378442979
27620.35173665172
38740.96196159819
36295.758048665215
33269.38116056618
14384.724680132778
35960.43957061351
35687.715497275
37442.7395863806
35583.86812450774
45420.94415514091
36369.774240289094
35483.27009758645
26723.13740042275
31928.54490817937
35219.40647162304
45420.94415514088
35583.86812450774
35219.40647162304
34503.65982343881
29056.155230950615
45420.94415514088
26723.13740042275
19096.975866945962
35687.71549727499
35687.715497275
37442.739586380616
26723.137400422765
