866317.5996109867
460248.8640833214
199165.29648636852
199165.2964863685
460248.8640833214
316858.89563138864
179386.89063336916
88517.90954949716
171736.160873728
171736.16087372796
88517.90954949717
79727.50694816404
78148.39341631669
438395.09086737083
121517.59068757856
85788.48371982641
88517.90954949717
85249.25942451862
193024.08836960938
121517.59068757849
260243.01405400466
199165.2964863686
438395.0908673716
260243.01405400463
199165.29648636858
88517.9095494972
85249.2594245187
163895.15136026283
