12957.809030347757
62765.93469857721
112276.25627107517
313536.80401348794
131505.3869561642
126104.20264824374
178853.60638210323
112276.25627107522
62765.93469857722
131505.3869561643
313536.8040134878
178853.60638210332
126104.202648244
12957.809030347888
126104.20264824372
178853.60638210337
313536.8040134878
131505.3869561643
178853.60638210326
126104.20264824398
131505.38695616424
313536.8040134878
12957.809030347882
62765.93469857698
112276.25627107522
112276.25627107522
62765.934698577286
12957.809030347955
