279051.1363636366
218522.72727272758
190738.63636363647
186860.79545454588
30911.931818182224
13764.204545455073
161463.06818181838
190738.6363636365
218522.7272727275
431889.2045454543
186860.79545454573
161463.06818181838
344786.93181818177
279051.1363636368
344786.9318181817
161463.0681818184
186860.79545454573
431889.20454545424
161463.0681818184
13764.204545454966
30911.931818182347
186860.79545454573
279051.1363636368
218522.72727272788
190738.63636363647
190738.6363636365
218522.7272727274
279051.13636363676
