17797146855.0
46402254119.0
18885917552.0
2760110157.0
21422779723.0
18098053321.0
18380312206.0
18885917552.0
33407990864.0
9523857995.0
2760110157.0
18380312206.0
18460594539.0
17797146855.0
18809216840.0
29757602032.0
1179541611.0
9523857995.0
29757602032.0
19169072889.0
10856103601.0
2760110157.0
14685675771.0
13918175211.0
18885917552.0
18885917552.0
36865131467.0
14685675771.0
14685675771.0
13918175211.0
18885917552.0
2760110157.0
10856103601.0
18098053321.0
18380312206.0
18885917552.0
36865131467.0
23682492916.0
2760110157.0
18380312206.0
18460594539.0
14685675771.0
18809216840.0
29757602032.0
1179541611.0
9523857995.0
29757602032.0
19169072889.0
10856103601.0
2760110157.0
16706244809.0
39907600239.0
18885917552.0
18885917552.0
38819798726.0
16706244809.0
17797146855.0
46402254119.0
18885917552.0
2760110157.0
10856103601.0
18098053321.0
18380312206.0
18885917552.0
33407990864.0
9523857995.0
1179541611.0
18380312206.0
18460594539.0
17797146855.0
18809216840.0
38046159773.0
1179541611.0
9523857995.0
29757602032.0
19169072889.0
10856103601.0
2760110157.0
14685675771.0
13918175211.0
18885917552.0
18885917552.0
26193239321.0
21930200323.0
14685675771.0
13918175211.0
18885917552.0
2760110157.0
10856103601.0
18098053321.0
18380312206.0
18885917552.0
26193239321.0
9523857995.0
1179541611.0
18380312206.0
18460594539.0
21930200323.0
18809216840.0
29757602032.0
1179541611.0
9523857995.0
29757602032.0
19169072889.0
10856103601.0
2760110157.0
16706244809.0
39907600239.0
18885917552.0
18885917552.0
38819798726.0
16706244809.0
17797146855.0
46402254119.0
18885917552.0
2760110157.0
10856103601.0
18098053321.0
18380312206.0
18885917552.0
33407990864.0
9523857995.0
1179541611.0
18380312206.0
18460594539.0
17797146855.0
18809216840.0
38046159773.0
1179541611.0
9523857995.0
29757602032.0
19169072889.0
25536497936.0
2760110157.0
21930200323.0
14685675771.0
18885917552.0
18885917552.0
26193239321.0
21930200323.0
21930200323.0
14685675771.0
18885917552.0
2760110157.0
10856103601.0
18098053321.0
18380312206.0
18885917552.0
26193239321.0
9523857995.0
1179541611.0
18380312206.0
18460594539.0
21930200323.0
18809216840.0
38046159773.0
1179541611.0
20054974552.0
29757602032.0
19169072889.0
10856103601.0
2760110157.0
16706244809.0
39907600239.0
18885917552.0
18885917552.0
38819798726.0
16706244809.0
17797146855.0
13918175211.0
18885917552.0
2760110157.0
21422779723.0
18098053321.0
18380312206.0
18885917552.0
33407990864.0
9523857995.0
2760110157.0
18380312206.0
18460594539.0
17797146855.0
18809216840.0
29757602032.0
1179541611.0
9523857995.0
29757602032.0
19169072889.0
10856103601.0
1179541611.0
14685675771.0
13918175211.0
18885917552.0
18885917552.0
36865131467.0
14685675771.0
14685675771.0
13918175211.0
18885917552.0
2760110157.0
10856103601.0
18098053321.0
18380312206.0
18885917552.0
36865131467.0
23682492916.0
2760110157.0
18380312206.0
18460594539.0
14685675771.0
18809216840.0
29757602032.0
1179541611.0
9523857995.0
29757602032.0
19169072889.0
10856103601.0
1179541611.0
16706244809.0
72636173211.0
18885917552.0
18885917552.0
38819798726.0
16706244809.0
17797146855.0
46402254119.0
18885917552.0
1179541611.0
10856103601.0
18098053321.0
18380312206.0
18885917552.0
33407990864.0
9523857995.0
1179541611.0
18380312206.0
18460594539.0
17797146855.0
18809216840.0
38046159773.0
1179541611.0
9523857995.0
38046159773.0
19169072889.0
10856103601.0
1179541611.0
14685675771.0
13918175211.0
18885917552.0
18885917552.0
16468312586.0
21930200323.0
14685675771.0
13918175211.0
18885917552.0
1179541611.0
10856103601.0
18098053321.0
18380312206.0
18885917552.0
16468312586.0
9523857995.0
1179541611.0
18380312206.0
18460594539.0
21930200323.0
18809216840.0
29757602032.0
1179541611.0
9523857995.0
29757602032.0
19169072889.0
10856103601.0
1179541611.0
16706244809.0
39907600239.0
18885917552.0
18885917552.0
38819798726.0
16706244809.0
17797146855.0
46402254119.0
18885917552.0
1179541611.0
10856103601.0
18098053321.0
18380312206.0
18885917552.0
26193239321.0
9523857995.0
1179541611.0
18380312206.0
18460594539.0
17797146855.0
18809216840.0
38046159773.0
1179541611.0
9523857995.0
38046159773.0
19169072889.0
25536497936.0
1179541611.0
21930200323.0
14685675771.0
18885917552.0
18885917552.0
16468312586.0
21930200323.0
21930200323.0
14685675771.0
18885917552.0
1179541611.0
10856103601.0
18098053321.0
18380312206.0
18885917552.0
16468312586.0
9523857995.0
1179541611.0
18380312206.0
18460594539.0
21930200323.0
18809216840.0
38046159773.0
1179541611.0
20054974552.0
38046159773.0
19169072889.0
10856103601.0
1179541611.0
16706244809.0
39907600239.0
18885917552.0
18885917552.0
16468312586.0
16706244809.0
17797146855.0
13918175211.0
18885917552.0
2760110157.0
21422779723.0
42887757995.0
18380312206.0
18885917552.0
33407990864.0
23682492916.0
2760110157.0
18380312206.0
18460594539.0
17797146855.0
18809216840.0
29757602032.0
1179541611.0
9523857995.0
29757602032.0
19169072889.0
21422779723.0
1179541611.0
14685675771.0
13918175211.0
18885917552.0
18885917552.0
16468312586.0
14685675771.0
14685675771.0
13918175211.0
18885917552.0
2760110157.0
21422779723.0
18098053321.0
18380312206.0
18885917552.0
16468312586.0
23682492916.0
2760110157.0
18380312206.0
18460594539.0
14685675771.0
46486373410.0
29757602032.0
1179541611.0
23682492916.0
29757602032.0
19169072889.0
10856103601.0
1179541611.0
16706244809.0
72636173211.0
18885917552.0
18885917552.0
38819798726.0
16706244809.0
17797146855.0
46402254119.0
18885917552.0
1179541611.0
21422779723.0
42887757995.0
18380312206.0
18885917552.0
33407990864.0
9523857995.0
1179541611.0
18380312206.0
18460594539.0
17797146855.0
18809216840.0
38046159773.0
1179541611.0
9523857995.0
38046159773.0
47128674124.0
25536497936.0
1179541611.0
14685675771.0
13918175211.0
18885917552.0
18885917552.0
16468312586.0
21930200323.0
14685675771.0
13918175211.0
18885917552.0
1179541611.0
10856103601.0
18098053321.0
18380312206.0
18885917552.0
16468312586.0
23682492916.0
1179541611.0
18380312206.0
49056095377.0
21930200323.0
46486373410.0
29757602032.0
1179541611.0
20054974552.0
29757602032.0
19169072889.0
10856103601.0
1179541611.0
16706244809.0
39907600239.0
18885917552.0
18885917552.0
38819798726.0
16706244809.0
17797146855.0
46402254119.0
18885917552.0
1179541611.0
25536497936.0
18098053321.0
18380312206.0
18885917552.0
26193239321.0
9523857995.0
1179541611.0
18380312206.0
18460594539.0
17797146855.0
18809216840.0
38046159773.0
1179541611.0
20054974552.0
38046159773.0
47128674124.0
25536497936.0
1179541611.0
21930200323.0
13918175211.0
18885917552.0
18885917552.0
16468312586.0
21930200323.0
21930200323.0
13918175211.0
18885917552.0
1179541611.0
10856103601.0
18098053321.0
18380312206.0
18885917552.0
16468312586.0
20054974552.0
1179541611.0
18380312206.0
49056095377.0
21930200323.0
18809216840.0
38046159773.0
1179541611.0
20054974552.0
38046159773.0
19169072889.0
25536497936.0
1179541611.0
16706244809.0
39907600239.0
18885917552.0
18885917552.0
16468312586.0
16706244809.0
17797146855.0
13918175211.0
18885917552.0
2760110157.0
21422779723.0
42887757995.0
18380312206.0
18885917552.0
33407990864.0
23682492916.0
2760110157.0
18380312206.0
18460594539.0
17797146855.0
46486373410.0
29757602032.0
1179541611.0
9523857995.0
29757602032.0
47128674124.0
21422779723.0
1179541611.0
14685675771.0
13918175211.0
18885917552.0
18885917552.0
16468312586.0
14685675771.0
14685675771.0
13918175211.0
18885917552.0
2760110157.0
21422779723.0
42887757995.0
18380312206.0
18885917552.0
16468312586.0
23682492916.0
2760110157.0
18380312206.0
49056095377.0
14685675771.0
46486373410.0
29757602032.0
1179541611.0
23682492916.0
29757602032.0
19169072889.0
10856103601.0
1179541611.0
16706244809.0
72636173211.0
18885917552.0
18885917552.0
38819798726.0
16706244809.0
17797146855.0
13918175211.0
18885917552.0
1179541611.0
21422779723.0
42887757995.0
18380312206.0
18885917552.0
26193239321.0
9523857995.0
1179541611.0
18380312206.0
49056095377.0
17797146855.0
46486373410.0
38046159773.0
1179541611.0
9523857995.0
38046159773.0
47128674124.0
25536497936.0
1179541611.0
14685675771.0
13918175211.0
18885917552.0
18885917552.0
16468312586.0
36865131467.0
14685675771.0
13918175211.0
18885917552.0
1179541611.0
10856103601.0
42887757995.0
18380312206.0
18885917552.0
16468312586.0
23682492916.0
1179541611.0
18380312206.0
49056095377.0
36865131467.0
46486373410.0
29757602032.0
1179541611.0
20054974552.0
29757602032.0
47128674124.0
10856103601.0
1179541611.0
16706244809.0
72636173211.0
18885917552.0
18885917552.0
16468312586.0
16706244809.0
17797146855.0
46402254119.0
18885917552.0
1179541611.0
25536497936.0
42887757995.0
18380312206.0
18885917552.0
26193239321.0
9523857995.0
1179541611.0
18380312206.0
49056095377.0
17797146855.0
18809216840.0
38046159773.0
1179541611.0
20054974552.0
38046159773.0
47128674124.0
25536497936.0
1179541611.0
36865131467.0
13918175211.0
18885917552.0
18885917552.0
16468312586.0
21930200323.0
36865131467.0
13918175211.0
18885917552.0
1179541611.0
10856103601.0
18098053321.0
18380312206.0
18885917552.0
16468312586.0
20054974552.0
1179541611.0
18380312206.0
49056095377.0
21930200323.0
46486373410.0
38046159773.0
1179541611.0
20054974552.0
38046159773.0
47128674124.0
25536497936.0
1179541611.0
16706244809.0
39907600239.0
18885917552.0
18885917552.0
16468312586.0
16706244809.0
17797146855.0
13918175211.0
18885917552.0
2760110157.0
21422779723.0
42887757995.0
18380312206.0
18885917552.0
33407990864.0
23682492916.0
2760110157.0
18380312206.0
49056095377.0
17797146855.0
46486373410.0
29757602032.0
1179541611.0
23682492916.0
29757602032.0
47128674124.0
21422779723.0
1179541611.0
14685675771.0
13918175211.0
18885917552.0
18885917552.0
16468312586.0
14685675771.0
14685675771.0
13918175211.0
18885917552.0
2760110157.0
21422779723.0
42887757995.0
18380312206.0
18885917552.0
16468312586.0
23682492916.0
2760110157.0
18380312206.0
49056095377.0
14685675771.0
46486373410.0
29757602032.0
1179541611.0
23682492916.0
29757602032.0
47128674124.0
21422779723.0
1179541611.0
16706244809.0
72636173211.0
18885917552.0
18885917552.0
38819798726.0
16706244809.0
17797146855.0
13918175211.0
18885917552.0
1179541611.0
21422779723.0
42887757995.0
18380312206.0
18885917552.0
26193239321.0
23682492916.0
1179541611.0
18380312206.0
49056095377.0
17797146855.0
46486373410.0
38046159773.0
1179541611.0
20054974552.0
38046159773.0
47128674124.0
25536497936.0
1179541611.0
14685675771.0
13918175211.0
18885917552.0
18885917552.0
16468312586.0
36865131467.0
14685675771.0
13918175211.0
18885917552.0
1179541611.0
21422779723.0
42887757995.0
18380312206.0
18885917552.0
16468312586.0
23682492916.0
1179541611.0
18380312206.0
49056095377.0
36865131467.0
46486373410.0
29757602032.0
1179541611.0
20054974552.0
29757602032.0
47128674124.0
25536497936.0
1179541611.0
16706244809.0
72636173211.0
18885917552.0
18885917552.0
16468312586.0
16706244809.0
17797146855.0
46402254119.0
18885917552.0
1179541611.0
25536497936.0
42887757995.0
18380312206.0
18885917552.0
26193239321.0
20054974552.0
1179541611.0
18380312206.0
49056095377.0
17797146855.0
46486373410.0
38046159773.0
1179541611.0
20054974552.0
38046159773.0
47128674124.0
25536497936.0
1179541611.0
36865131467.0
13918175211.0
18885917552.0
18885917552.0
16468312586.0
36865131467.0
36865131467.0
13918175211.0
18885917552.0
1179541611.0
25536497936.0
42887757995.0
18380312206.0
18885917552.0
16468312586.0
20054974552.0
1179541611.0
18380312206.0
49056095377.0
36865131467.0
46486373410.0
38046159773.0
1179541611.0
20054974552.0
38046159773.0
47128674124.0
25536497936.0
1179541611.0
16706244809.0
39907600239.0
18885917552.0
18885917552.0
16468312586.0
16706244809.0
17797146855.0
13918175211.0
18885917552.0
2760110157.0
21422779723.0
42887757995.0
18380312206.0
18885917552.0
26193239321.0
23682492916.0
2760110157.0
18380312206.0
49056095377.0
17797146855.0
46486373410.0
29757602032.0
1179541611.0
23682492916.0
29757602032.0
47128674124.0
21422779723.0
1179541611.0
14685675771.0
13918175211.0
18885917552.0
18885917552.0
16468312586.0
14685675771.0
14685675771.0
13918175211.0
18885917552.0
2760110157.0
21422779723.0
42887757995.0
18380312206.0
18885917552.0
16468312586.0
23682492916.0
2760110157.0
18380312206.0
49056095377.0
14685675771.0
46486373410.0
29757602032.0
1179541611.0
23682492916.0
29757602032.0
47128674124.0
21422779723.0
1179541611.0
16706244809.0
72636173211.0
18885917552.0
18885917552.0
16468312586.0
16706244809.0
17797146855.0
13918175211.0
18885917552.0
1179541611.0
21422779723.0
42887757995.0
18380312206.0
18885917552.0
26193239321.0
23682492916.0
1179541611.0
18380312206.0
49056095377.0
17797146855.0
46486373410.0
38046159773.0
1179541611.0
20054974552.0
38046159773.0
47128674124.0
25536497936.0
1179541611.0
14685675771.0
13918175211.0
18885917552.0
18885917552.0
16468312586.0
36865131467.0
14685675771.0
13918175211.0
18885917552.0
1179541611.0
21422779723.0
42887757995.0
18380312206.0
18885917552.0
16468312586.0
23682492916.0
1179541611.0
18380312206.0
49056095377.0
36865131467.0
46486373410.0
29757602032.0
1179541611.0
20054974552.0
29757602032.0
47128674124.0
25536497936.0
1179541611.0
16706244809.0
72636173211.0
18885917552.0
18885917552.0
16468312586.0
16706244809.0
17797146855.0
13918175211.0
18885917552.0
1179541611.0
25536497936.0
42887757995.0
18380312206.0
18885917552.0
26193239321.0
20054974552.0
1179541611.0
18380312206.0
49056095377.0
17797146855.0
46486373410.0
38046159773.0
1179541611.0
20054974552.0
38046159773.0
47128674124.0
25536497936.0
1179541611.0
36865131467.0
13918175211.0
18885917552.0
18885917552.0
16468312586.0
36865131467.0
36865131467.0
13918175211.0
18885917552.0
1179541611.0
25536497936.0
42887757995.0
18380312206.0
18885917552.0
16468312586.0
20054974552.0
1179541611.0
18380312206.0
49056095377.0
36865131467.0
46486373410.0
38046159773.0
1179541611.0
20054974552.0
38046159773.0
47128674124.0
25536497936.0
1179541611.0
16706244809.0
72636173211.0
18885917552.0
18885917552.0
16468312586.0
16706244809.0
17797146855.0
604528020901.0
18885917552.0
2760110157.0
21422779723.0
42887757995.0
18380312206.0
18885917552.0
26193239321.0
23682492916.0
2760110157.0
18380312206.0
49056095377.0
17797146855.0
46486373410.0
29757602032.0
1179541611.0
23682492916.0
29757602032.0
47128674124.0
21422779723.0
1179541611.0
14685675771.0
13918175211.0
18885917552.0
18885917552.0
16468312586.0
14685675771.0
14685675771.0
13918175211.0
18885917552.0
2760110157.0
21422779723.0
42887757995.0
18380312206.0
18885917552.0
16468312586.0
23682492916.0
2760110157.0
18380312206.0
49056095377.0
14685675771.0
46486373410.0
29757602032.0
1179541611.0
23682492916.0
29757602032.0
47128674124.0
21422779723.0
1179541611.0
16706244809.0
353945206948.0
18885917552.0
18885917552.0
16468312586.0
16706244809.0
17797146855.0
13918175211.0
18885917552.0
1179541611.0
21422779723.0
42887757995.0
18380312206.0
18885917552.0
26193239321.0
23682492916.0
1179541611.0
18380312206.0
49056095377.0
17797146855.0
46486373410.0
38046159773.0
1179541611.0
20054974552.0
38046159773.0
47128674124.0
25536497936.0
1179541611.0
14685675771.0
13918175211.0
18885917552.0
18885917552.0
16468312586.0
36865131467.0
14685675771.0
13918175211.0
18885917552.0
1179541611.0
21422779723.0
42887757995.0
18380312206.0
18885917552.0
16468312586.0
23682492916.0
1179541611.0
18380312206.0
49056095377.0
36865131467.0
46486373410.0
29757602032.0
1179541611.0
20054974552.0
29757602032.0
47128674124.0
25536497936.0
1179541611.0
16706244809.0
72636173211.0
18885917552.0
18885917552.0
16468312586.0
16706244809.0
17797146855.0
13918175211.0
18885917552.0
1179541611.0
25536497936.0
42887757995.0
18380312206.0
18885917552.0
358029444487.0
20054974552.0
1179541611.0
18380312206.0
49056095377.0
17797146855.0
46486373410.0
38046159773.0
1179541611.0
20054974552.0
38046159773.0
47128674124.0
25536497936.0
1179541611.0
36865131467.0
13918175211.0
18885917552.0
18885917552.0
16468312586.0
36865131467.0
36865131467.0
13918175211.0
18885917552.0
1179541611.0
25536497936.0
42887757995.0
18380312206.0
18885917552.0
16468312586.0
20054974552.0
1179541611.0
18380312206.0
49056095377.0
36865131467.0
46486373410.0
38046159773.0
1179541611.0
20054974552.0
38046159773.0
47128674124.0
25536497936.0
1179541611.0
16706244809.0
72636173211.0
18885917552.0
18885917552.0
641628474615.0
16706244809.0
17797146855.0
604528020901.0
18885917552.0
2760110157.0
76642635994.0
240887856189.0
18380312206.0
18885917552.0
358029444487.0
111350449174.0
2760110157.0
18380312206.0
49056095377.0
17797146855.0
273400543558.0
29757602032.0
1179541611.0
23682492916.0
29757602032.0
275487871660.0
76642635994.0
1179541611.0
14685675771.0
13918175211.0
18885917552.0
18885917552.0
16468312586.0
1277171826255.0
14685675771.0
13918175211.0
18885917552.0
2760110157.0
76642635994.0
240887856189.0
18380312206.0
18885917552.0
16468312586.0
111350449174.0
2760110157.0
18380312206.0
287392707976.0
1277171826255.0
273400543558.0
29757602032.0
1179541611.0
111350449174.0
29757602032.0
47128674124.0
21422779723.0
1179541611.0
16706244809.0
353945206948.0
18885917552.0
18885917552.0
641628474615.0
16706244809.0
17797146855.0
604528020901.0
18885917552.0
1179541611.0
76642635994.0
240887856189.0
18380312206.0
18885917552.0
358029444487.0
23682492916.0
1179541611.0
18380312206.0
49056095377.0
17797146855.0
46486373410.0
38046159773.0
1179541611.0
20054974552.0
38046159773.0
275487871660.0
106887412933.0
1179541611.0
1277171826255.0
13918175211.0
18885917552.0
18885917552.0
16468312586.0
36865131467.0
1277171826255.0
13918175211.0
18885917552.0
1179541611.0
21422779723.0
42887757995.0
18380312206.0
18885917552.0
16468312586.0
111350449174.0
1179541611.0
18380312206.0
287392707976.0
36865131467.0
273400543558.0
29757602032.0
1179541611.0
85107389508.0
29757602032.0
47128674124.0
25536497936.0
1179541611.0
16706244809.0
353945206948.0
18885917552.0
18885917552.0
641628474615.0
16706244809.0
17797146855.0
604528020901.0
18885917552.0
1179541611.0
106887412933.0
240887856189.0
18380312206.0
18885917552.0
358029444487.0
20054974552.0
1179541611.0
18380312206.0
287392707976.0
17797146855.0
46486373410.0
38046159773.0
1179541611.0
85107389508.0
38046159773.0
275487871660.0
106887412933.0
1179541611.0
36865131467.0
13918175211.0
18885917552.0
18885917552.0
16468312586.0
36865131467.0
36865131467.0
13918175211.0
18885917552.0
1179541611.0
25536497936.0
42887757995.0
18380312206.0
18885917552.0
16468312586.0
85107389508.0
1179541611.0
18380312206.0
287392707976.0
36865131467.0
273400543558.0
38046159773.0
1179541611.0
85107389508.0
38046159773.0
275487871660.0
106887412933.0
1179541611.0
16706244809.0
353945206948.0
18885917552.0
18885917552.0
641628474615.0
16706244809.0
17797146855.0
604528020901.0
18885917552.0
2760110157.0
76642635994.0
240887856189.0
18380312206.0
18885917552.0
358029444487.0
111350449174.0
2760110157.0
18380312206.0
287392707976.0
17797146855.0
708810883977.0
29757602032.0
1179541611.0
111350449174.0
29757602032.0
275487871660.0
76642635994.0
1179541611.0
14685675771.0
236193305815.0
18885917552.0
18885917552.0
16468312586.0
14685675771.0
14685675771.0
236193305815.0
18885917552.0
2760110157.0
76642635994.0
718242646245.0
18380312206.0
18885917552.0
16468312586.0
111350449174.0
2760110157.0
18380312206.0
287392707976.0
14685675771.0
273400543558.0
29757602032.0
1179541611.0
111350449174.0
29757602032.0
275487871660.0
76642635994.0
1179541611.0
16706244809.0
353945206948.0
18885917552.0
18885917552.0
641628474615.0
16706244809.0
17797146855.0
604528020901.0
18885917552.0
1179541611.0
76642635994.0
240887856189.0
18380312206.0
18885917552.0
358029444487.0
111350449174.0
1179541611.0
18380312206.0
287392707976.0
17797146855.0
273400543558.0
38046159773.0
1179541611.0
85107389508.0
38046159773.0
275487871660.0
106887412933.0
1179541611.0
14685675771.0
236193305815.0
18885917552.0
18885917552.0
279414345672.0
36865131467.0
14685675771.0
236193305815.0
18885917552.0
1179541611.0
76642635994.0
240887856189.0
18380312206.0
18885917552.0
279414345672.0
111350449174.0
1179541611.0
18380312206.0
287392707976.0
36865131467.0
273400543558.0
29757602032.0
1179541611.0
85107389508.0
29757602032.0
275487871660.0
106887412933.0
1179541611.0
16706244809.0
353945206948.0
18885917552.0
18885917552.0
641628474615.0
16706244809.0
17797146855.0
604528020901.0
18885917552.0
1179541611.0
106887412933.0
240887856189.0
18380312206.0
18885917552.0
358029444487.0
85107389508.0
1179541611.0
18380312206.0
832291887336.0
17797146855.0
273400543558.0
38046159773.0
1179541611.0
85107389508.0
38046159773.0
275487871660.0
106887412933.0
1179541611.0
36865131467.0
13918175211.0
18885917552.0
18885917552.0
279414345672.0
36865131467.0
36865131467.0
13918175211.0
18885917552.0
1179541611.0
106887412933.0
240887856189.0
18380312206.0
18885917552.0
279414345672.0
85107389508.0
1179541611.0
18380312206.0
287392707976.0
36865131467.0
273400543558.0
38046159773.0
1179541611.0
85107389508.0
38046159773.0
712695454841.0
106887412933.0
1179541611.0
16706244809.0
353945206948.0
18885917552.0
18885917552.0
641628474615.0
16706244809.0
17797146855.0
236193305815.0
18885917552.0
2760110157.0
76642635994.0
240887856189.0
18380312206.0
18885917552.0
358029444487.0
111350449174.0
2760110157.0
18380312206.0
287392707976.0
17797146855.0
708810883977.0
29757602032.0
1179541611.0
111350449174.0
29757602032.0
275487871660.0
76642635994.0
1179541611.0
14685675771.0
236193305815.0
18885917552.0
18885917552.0
279414345672.0
14685675771.0
14685675771.0
236193305815.0
18885917552.0
2760110157.0
76642635994.0
718242646245.0
18380312206.0
18885917552.0
279414345672.0
111350449174.0
2760110157.0
18380312206.0
287392707976.0
14685675771.0
273400543558.0
29757602032.0
1179541611.0
111350449174.0
29757602032.0
275487871660.0
76642635994.0
1179541611.0
16706244809.0
666214106789.0
18885917552.0
18885917552.0
641628474615.0
16706244809.0
17797146855.0
236193305815.0
18885917552.0
1179541611.0
76642635994.0
240887856189.0
18380312206.0
18885917552.0
819607128518.0
111350449174.0
1179541611.0
18380312206.0
287392707976.0
17797146855.0
273400543558.0
38046159773.0
1179541611.0
85107389508.0
38046159773.0
275487871660.0
106887412933.0
1179541611.0
14685675771.0
236193305815.0
18885917552.0
18885917552.0
279414345672.0
36865131467.0
14685675771.0
236193305815.0
18885917552.0
1179541611.0
76642635994.0
240887856189.0
18380312206.0
18885917552.0
279414345672.0
111350449174.0
1179541611.0
18380312206.0
287392707976.0
36865131467.0
273400543558.0
29757602032.0
1179541611.0
85107389508.0
29757602032.0
275487871660.0
106887412933.0
1179541611.0
16706244809.0
666214106789.0
18885917552.0
18885917552.0
279414345672.0
16706244809.0
17797146855.0
604528020901.0
18885917552.0
1179541611.0
106887412933.0
240887856189.0
18380312206.0
18885917552.0
819607128518.0
85107389508.0
1179541611.0
18380312206.0
832291887336.0
17797146855.0
273400543558.0
38046159773.0
1179541611.0
85107389508.0
38046159773.0
275487871660.0
106887412933.0
1179541611.0
36865131467.0
236193305815.0
18885917552.0
18885917552.0
279414345672.0
36865131467.0
36865131467.0
236193305815.0
18885917552.0
1179541611.0
106887412933.0
240887856189.0
18380312206.0
18885917552.0
279414345672.0
85107389508.0
1179541611.0
18380312206.0
287392707976.0
36865131467.0
273400543558.0
38046159773.0
1179541611.0
85107389508.0
38046159773.0
712695454841.0
106887412933.0
1179541611.0
16706244809.0
353945206948.0
18885917552.0
18885917552.0
279414345672.0
16706244809.0
17797146855.0
236193305815.0
18885917552.0
2760110157.0
58650082178.0
718242646245.0
18380312206.0
18885917552.0
819607128518.0
111350449174.0
2760110157.0
18380312206.0
287392707976.0
17797146855.0
708810883977.0
29757602032.0
1179541611.0
111350449174.0
29757602032.0
275487871660.0
76642635994.0
1179541611.0
14685675771.0
236193305815.0
18885917552.0
18885917552.0
279414345672.0
1277171826255.0
14685675771.0
236193305815.0
18885917552.0
2760110157.0
76642635994.0
718242646245.0
18380312206.0
18885917552.0
279414345672.0
112195635563.0
2760110157.0
18380312206.0
287392707976.0
1277171826255.0
708810883977.0
29757602032.0
1179541611.0
111350449174.0
29757602032.0
275487871660.0
76642635994.0
1179541611.0
16706244809.0
666214106789.0
18885917552.0
18885917552.0
279414345672.0
16706244809.0
17797146855.0
236193305815.0
18885917552.0
1179541611.0
76642635994.0
240887856189.0
18380312206.0
18885917552.0
819607128518.0
111350449174.0
1179541611.0
18380312206.0
832291887336.0
17797146855.0
708810883977.0
38046159773.0
1179541611.0
85107389508.0
38046159773.0
275487871660.0
106887412933.0
1179541611.0
1277171826255.0
236193305815.0
18885917552.0
18885917552.0
279414345672.0
36865131467.0
1277171826255.0
236193305815.0
18885917552.0
1179541611.0
76642635994.0
718242646245.0
18380312206.0
18885917552.0
279414345672.0
111350449174.0
1179541611.0
18380312206.0
287392707976.0
36865131467.0
273400543558.0
29757602032.0
1179541611.0
85107389508.0
29757602032.0
712695454841.0
106887412933.0
1179541611.0
16706244809.0
666214106789.0
18885917552.0
18885917552.0
279414345672.0
16706244809.0
17797146855.0
236193305815.0
18885917552.0
1179541611.0
106887412933.0
240887856189.0
18380312206.0
18885917552.0
819607128518.0
85107389508.0
1179541611.0
18380312206.0
832291887336.0
17797146855.0
273400543558.0
38046159773.0
1179541611.0
85107389508.0
38046159773.0
712695454841.0
96281080760.0
1179541611.0
36865131467.0
236193305815.0
18885917552.0
18885917552.0
279414345672.0
36865131467.0
36865131467.0
236193305815.0
18885917552.0
1179541611.0
106887412933.0
240887856189.0
18380312206.0
18885917552.0
279414345672.0
85107389508.0
1179541611.0
18380312206.0
832291887336.0
36865131467.0
273400543558.0
38046159773.0
1179541611.0
77782240068.0
38046159773.0
712695454841.0
106887412933.0
1179541611.0
16706244809.0
666214106789.0
18885917552.0
18885917552.0
279414345672.0
16706244809.0
17797146855.0
236193305815.0
18885917552.0
2760110157.0
58650082178.0
718242646245.0
18380312206.0
18885917552.0
819607128518.0
112195635563.0
2760110157.0
18380312206.0
832291887336.0
17797146855.0
708810883977.0
29757602032.0
1179541611.0
112195635563.0
29757602032.0
275487871660.0
58650082178.0
1179541611.0
14685675771.0
236193305815.0
18885917552.0
18885917552.0
279414345672.0
14685675771.0
14685675771.0
236193305815.0
18885917552.0
2760110157.0
58650082178.0
718242646245.0
18380312206.0
18885917552.0
279414345672.0
112195635563.0
2760110157.0
18380312206.0
287392707976.0
14685675771.0
708810883977.0
29757602032.0
1179541611.0
112195635563.0
29757602032.0
712695454841.0
58650082178.0
1179541611.0
16706244809.0
666214106789.0
18885917552.0
18885917552.0
279414345672.0
16706244809.0
17797146855.0
236193305815.0
18885917552.0
1179541611.0
58650082178.0
718242646245.0
18380312206.0
18885917552.0
819607128518.0
112195635563.0
1179541611.0
18380312206.0
832291887336.0
17797146855.0
708810883977.0
38046159773.0
1179541611.0
77782240068.0
38046159773.0
712695454841.0
96281080760.0
1179541611.0
14685675771.0
236193305815.0
18885917552.0
18885917552.0
279414345672.0
36865131467.0
14685675771.0
236193305815.0
18885917552.0
1179541611.0
58650082178.0
718242646245.0
18380312206.0
18885917552.0
279414345672.0
112195635563.0
1179541611.0
18380312206.0
832291887336.0
36865131467.0
708810883977.0
29757602032.0
1179541611.0
77782240068.0
29757602032.0
712695454841.0
96281080760.0
1179541611.0
16706244809.0
666214106789.0
18885917552.0
18885917552.0
279414345672.0
16706244809.0
17797146855.0
236193305815.0
18885917552.0
1179541611.0
96281080760.0
240887856189.0
18380312206.0
18885917552.0
819607128518.0
77782240068.0
1179541611.0
18380312206.0
832291887336.0
17797146855.0
708810883977.0
38046159773.0
1179541611.0
77782240068.0
38046159773.0
712695454841.0
96281080760.0
1179541611.0
36865131467.0
236193305815.0
18885917552.0
18885917552.0
279414345672.0
36865131467.0
36865131467.0
236193305815.0
18885917552.0
1179541611.0
96281080760.0
718242646245.0
18380312206.0
18885917552.0
279414345672.0
77782240068.0
1179541611.0
18380312206.0
832291887336.0
36865131467.0
273400543558.0
38046159773.0
1179541611.0
77782240068.0
38046159773.0
712695454841.0
96281080760.0
1179541611.0
16706244809.0
666214106789.0
18885917552.0
18885917552.0
279414345672.0
16706244809.0
17797146855.0
3847793372026.0
18885917552.0
2760110157.0
58650082178.0
259092886449.0
18380312206.0
18885917552.0
819607128518.0
112195635563.0
2760110157.0
18380312206.0
18380312206.0
17797146855.0
38046159773.0
29757602032.0
1179541611.0
112195635563.0
29757602032.0
29757602032.0
58650082178.0
1179541611.0
14685675771.0
236193305815.0
18885917552.0
18885917552.0
279414345672.0
14685675771.0
14685675771.0
236193305815.0
18885917552.0
2760110157.0
58650082178.0
259092886449.0
18380312206.0
18885917552.0
279414345672.0
112195635563.0
2760110157.0
18380312206.0
18380312206.0
14685675771.0
38046159773.0
29757602032.0
1179541611.0
112195635563.0
29757602032.0
29757602032.0
58650082178.0
1179541611.0
16706244809.0
2193394161733.0
18885917552.0
18885917552.0
279414345672.0
16706244809.0
17797146855.0
3847793372026.0
18885917552.0
1179541611.0
58650082178.0
259092886449.0
18380312206.0
18885917552.0
2743230490521.0
112195635563.0
1179541611.0
18380312206.0
18380312206.0
17797146855.0
38046159773.0
38046159773.0
1179541611.0
77782240068.0
38046159773.0
29757602032.0
96281080760.0
1179541611.0
14685675771.0
236193305815.0
18885917552.0
18885917552.0
279414345672.0
36865131467.0
14685675771.0
236193305815.0
18885917552.0
1179541611.0
58650082178.0
259092886449.0
18380312206.0
18885917552.0
279414345672.0
112195635563.0
1179541611.0
18380312206.0
18380312206.0
36865131467.0
38046159773.0
29757602032.0
1179541611.0
77782240068.0
29757602032.0
29757602032.0
96281080760.0
1179541611.0
16706244809.0
2193394161733.0
18885917552.0
18885917552.0
4520484091336.0
16706244809.0
17797146855.0
236193305815.0
18885917552.0
1179541611.0
96281080760.0
259092886449.0
18380312206.0
18885917552.0
2743230490521.0
77782240068.0
1179541611.0
18380312206.0
18380312206.0
17797146855.0
38046159773.0
38046159773.0
1179541611.0
77782240068.0
38046159773.0
29757602032.0
96281080760.0
1179541611.0
36865131467.0
236193305815.0
18885917552.0
18885917552.0
279414345672.0
36865131467.0
36865131467.0
236193305815.0
18885917552.0
1179541611.0
96281080760.0
259092886449.0
18380312206.0
18885917552.0
279414345672.0
77782240068.0
1179541611.0
18380312206.0
18380312206.0
36865131467.0
38046159773.0
38046159773.0
1179541611.0
77782240068.0
38046159773.0
29757602032.0
96281080760.0
1179541611.0
16706244809.0
666214106789.0
18885917552.0
18885917552.0
4520484091336.0
16706244809.0
17797146855.0
3847793372026.0
18885917552.0
2760110157.0
58650082178.0
259092886449.0
18380312206.0
18885917552.0
2743230490521.0
112195635563.0
2760110157.0
18380312206.0
18380312206.0
17797146855.0
38046159773.0
29757602032.0
1179541611.0
112195635563.0
29757602032.0
29757602032.0
58650082178.0
1179541611.0
14685675771.0
428479974362.0
18885917552.0
18885917552.0
18885917552.0
14685675771.0
14685675771.0
428479974362.0
18885917552.0
2760110157.0
58650082178.0
259092886449.0
18380312206.0
18885917552.0
18885917552.0
112195635563.0
2760110157.0
18380312206.0
18380312206.0
14685675771.0
38046159773.0
29757602032.0
1179541611.0
112195635563.0
29757602032.0
29757602032.0
58650082178.0
1179541611.0
16706244809.0
2193394161733.0
18885917552.0
18885917552.0
4520484091336.0
16706244809.0
17797146855.0
3847793372026.0
18885917552.0
1179541611.0
58650082178.0
259092886449.0
18380312206.0
18885917552.0
2743230490521.0
112195635563.0
1179541611.0
18380312206.0
18380312206.0
17797146855.0
38046159773.0
38046159773.0
1179541611.0
77782240068.0
38046159773.0
29757602032.0
96281080760.0
1179541611.0
14685675771.0
428479974362.0
18885917552.0
18885917552.0
18885917552.0
36865131467.0
14685675771.0
428479974362.0
18885917552.0
1179541611.0
58650082178.0
259092886449.0
18380312206.0
18885917552.0
18885917552.0
112195635563.0
1179541611.0
18380312206.0
18380312206.0
36865131467.0
38046159773.0
29757602032.0
1179541611.0
77782240068.0
29757602032.0
29757602032.0
96281080760.0
1179541611.0
16706244809.0
2193394161733.0
18885917552.0
18885917552.0
4520484091336.0
16706244809.0
17797146855.0
3847793372026.0
18885917552.0
1179541611.0
96281080760.0
259092886449.0
18380312206.0
18885917552.0
2743230490521.0
77782240068.0
1179541611.0
18380312206.0
18380312206.0
17797146855.0
38046159773.0
38046159773.0
1179541611.0
77782240068.0
38046159773.0
29757602032.0
96281080760.0
1179541611.0
36865131467.0
428479974362.0
18885917552.0
18885917552.0
18885917552.0
36865131467.0
36865131467.0
428479974362.0
18885917552.0
1179541611.0
96281080760.0
259092886449.0
18380312206.0
18885917552.0
18885917552.0
77782240068.0
1179541611.0
18380312206.0
18380312206.0
36865131467.0
38046159773.0
38046159773.0
1179541611.0
77782240068.0
38046159773.0
29757602032.0
96281080760.0
1179541611.0
16706244809.0
2193394161733.0
18885917552.0
18885917552.0
4520484091336.0
16706244809.0
17797146855.0
428479974362.0
18885917552.0
2760110157.0
2760110157.0
259092886449.0
18380312206.0
18885917552.0
1303190298316.0
52895021983.0
2760110157.0
18380312206.0
18380312206.0
17797146855.0
38046159773.0
29757602032.0
1179541611.0
112195635563.0
29757602032.0
29757602032.0
58650082178.0
1179541611.0
14685675771.0
428479974362.0
18885917552.0
18885917552.0
18885917552.0
1277171826255.0
14685675771.0
428479974362.0
18885917552.0
2760110157.0
2760110157.0
259092886449.0
18380312206.0
18885917552.0
18885917552.0
52895021983.0
2760110157.0
18380312206.0
18380312206.0
1277171826255.0
38046159773.0
29757602032.0
1179541611.0
112195635563.0
29757602032.0
29757602032.0
58650082178.0
1179541611.0
16706244809.0
998646209035.0
18885917552.0
18885917552.0
18885917552.0
16706244809.0
17797146855.0
428479974362.0
18885917552.0
1179541611.0
58650082178.0
259092886449.0
18380312206.0
18885917552.0
1303190298316.0
112195635563.0
1179541611.0
18380312206.0
18380312206.0
17797146855.0
38046159773.0
38046159773.0
1179541611.0
77782240068.0
38046159773.0
29757602032.0
96281080760.0
1179541611.0
1277171826255.0
428479974362.0
18885917552.0
18885917552.0
18885917552.0
36865131467.0
1277171826255.0
428479974362.0
18885917552.0
1179541611.0
58650082178.0
259092886449.0
18380312206.0
18885917552.0
18885917552.0
112195635563.0
1179541611.0
18380312206.0
18380312206.0
36865131467.0
38046159773.0
29757602032.0
1179541611.0
77782240068.0
29757602032.0
29757602032.0
96281080760.0
1179541611.0
16706244809.0
998646209035.0
18885917552.0
18885917552.0
18885917552.0
16706244809.0
17797146855.0
428479974362.0
18885917552.0
1179541611.0
96281080760.0
259092886449.0
18380312206.0
18885917552.0
1303190298316.0
77782240068.0
1179541611.0
18380312206.0
18380312206.0
17797146855.0
38046159773.0
38046159773.0
1179541611.0
1179541611.0
38046159773.0
29757602032.0
53006798429.0
1179541611.0
36865131467.0
428479974362.0
18885917552.0
18885917552.0
18885917552.0
36865131467.0
36865131467.0
428479974362.0
18885917552.0
1179541611.0
96281080760.0
259092886449.0
18380312206.0
18885917552.0
18885917552.0
77782240068.0
1179541611.0
18380312206.0
18380312206.0
36865131467.0
38046159773.0
38046159773.0
1179541611.0
1179541611.0
38046159773.0
29757602032.0
53006798429.0
1179541611.0
16706244809.0
998646209035.0
18885917552.0
18885917552.0
18885917552.0
16706244809.0
17797146855.0
428479974362.0
18885917552.0
2760110157.0
2760110157.0
259092886449.0
18380312206.0
18885917552.0
1303190298316.0
52895021983.0
2760110157.0
18380312206.0
18380312206.0
17797146855.0
38046159773.0
29757602032.0
1179541611.0
52895021983.0
29757602032.0
29757602032.0
2760110157.0
1179541611.0
14685675771.0
428479974362.0
18885917552.0
18885917552.0
18885917552.0
14685675771.0
14685675771.0
428479974362.0
18885917552.0
2760110157.0
2760110157.0
259092886449.0
18380312206.0
18885917552.0
18885917552.0
52895021983.0
2760110157.0
18380312206.0
18380312206.0
14685675771.0
38046159773.0
29757602032.0
1179541611.0
52895021983.0
29757602032.0
29757602032.0
2760110157.0
1179541611.0
16706244809.0
998646209035.0
18885917552.0
18885917552.0
18885917552.0
16706244809.0
17797146855.0
428479974362.0
18885917552.0
1179541611.0
2760110157.0
259092886449.0
18380312206.0
18885917552.0
1303190298316.0
52895021983.0
1179541611.0
18380312206.0
18380312206.0
17797146855.0
38046159773.0
38046159773.0
1179541611.0
1179541611.0
38046159773.0
29757602032.0
53006798429.0
1179541611.0
14685675771.0
428479974362.0
18885917552.0
18885917552.0
18885917552.0
36865131467.0
14685675771.0
428479974362.0
18885917552.0
1179541611.0
2760110157.0
259092886449.0
18380312206.0
18885917552.0
18885917552.0
52895021983.0
1179541611.0
18380312206.0
18380312206.0
36865131467.0
38046159773.0
29757602032.0
1179541611.0
1179541611.0
29757602032.0
29757602032.0
53006798429.0
1179541611.0
16706244809.0
998646209035.0
18885917552.0
18885917552.0
18885917552.0
16706244809.0
17797146855.0
428479974362.0
18885917552.0
1179541611.0
53006798429.0
259092886449.0
18380312206.0
18885917552.0
1303190298316.0
1179541611.0
1179541611.0
18380312206.0
18380312206.0
17797146855.0
38046159773.0
38046159773.0
1179541611.0
1179541611.0
38046159773.0
29757602032.0
53006798429.0
1179541611.0
36865131467.0
428479974362.0
18885917552.0
18885917552.0
18885917552.0
36865131467.0
36865131467.0
428479974362.0
18885917552.0
1179541611.0
53006798429.0
259092886449.0
18380312206.0
18885917552.0
18885917552.0
1179541611.0
1179541611.0
18380312206.0
18380312206.0
36865131467.0
38046159773.0
38046159773.0
1179541611.0
1179541611.0
38046159773.0
29757602032.0
53006798429.0
1179541611.0
16706244809.0
998646209035.0
18885917552.0
18885917552.0
18885917552.0
16706244809.0
17797146855.0
428479974362.0
18885917552.0
2760110157.0
2760110157.0
259092886449.0
18380312206.0
18885917552.0
1303190298316.0
52895021983.0
2760110157.0
18380312206.0
18380312206.0
17797146855.0
38046159773.0
29757602032.0
1179541611.0
52895021983.0
29757602032.0
29757602032.0
2760110157.0
1179541611.0
14685675771.0
428479974362.0
18885917552.0
7176256392334.0
18885917552.0
14685675771.0
14685675771.0
428479974362.0
18885917552.0
2760110157.0
2760110157.0
259092886449.0
18380312206.0
7176256392334.0
18885917552.0
52895021983.0
2760110157.0
18380312206.0
18380312206.0
14685675771.0
38046159773.0
29757602032.0
1179541611.0
52895021983.0
29757602032.0
29757602032.0
2760110157.0
1179541611.0
16706244809.0
998646209035.0
18885917552.0
18885917552.0
18885917552.0
16706244809.0
17797146855.0
428479974362.0
18885917552.0
1179541611.0
2760110157.0
259092886449.0
18380312206.0
18885917552.0
1303190298316.0
52895021983.0
1179541611.0
18380312206.0
18380312206.0
17797146855.0
38046159773.0
29757602032.0
1179541611.0
1179541611.0
38046159773.0
29757602032.0
53006798429.0
1179541611.0
14685675771.0
428479974362.0
18885917552.0
18885917552.0
18885917552.0
36865131467.0
14685675771.0
428479974362.0
18885917552.0
1179541611.0
2760110157.0
259092886449.0
18380312206.0
18885917552.0
18885917552.0
52895021983.0
1179541611.0
18380312206.0
18380312206.0
36865131467.0
38046159773.0
29757602032.0
1179541611.0
1179541611.0
29757602032.0
29757602032.0
53006798429.0
1179541611.0
16706244809.0
998646209035.0
18885917552.0
18885917552.0
18885917552.0
16706244809.0
17797146855.0
428479974362.0
18885917552.0
1179541611.0
53006798429.0
259092886449.0
18380312206.0
18885917552.0
1303190298316.0
1179541611.0
1179541611.0
18380312206.0
18380312206.0
17797146855.0
38046159773.0
38046159773.0
1179541611.0
1179541611.0
38046159773.0
29757602032.0
53006798429.0
1179541611.0
36865131467.0
428479974362.0
18885917552.0
18885917552.0
18885917552.0
36865131467.0
36865131467.0
428479974362.0
18885917552.0
1179541611.0
53006798429.0
259092886449.0
18380312206.0
18885917552.0
18885917552.0
1179541611.0
1179541611.0
18380312206.0
18380312206.0
36865131467.0
38046159773.0
38046159773.0
1179541611.0
1179541611.0
38046159773.0
29757602032.0
53006798429.0
1179541611.0
16706244809.0
998646209035.0
18885917552.0
18885917552.0
18885917552.0
16706244809.0
17797146855.0
428479974362.0
18885917552.0
2760110157.0
2760110157.0
259092886449.0
18380312206.0
18885917552.0
1303190298316.0
52895021983.0
2760110157.0
18380312206.0
18380312206.0
17797146855.0
38046159773.0
29757602032.0
1179541611.0
52895021983.0
29757602032.0
29757602032.0
2760110157.0
1179541611.0
14685675771.0
428479974362.0
7176256392334.0
18885917552.0
18885917552.0
14685675771.0
14685675771.0
428479974362.0
7176256392334.0
2760110157.0
2760110157.0
259092886449.0
18380312206.0
18885917552.0
18885917552.0
52895021983.0
2760110157.0
18380312206.0
18380312206.0
14685675771.0
38046159773.0
29757602032.0
1179541611.0
52895021983.0
29757602032.0
29757602032.0
2760110157.0
1179541611.0
16706244809.0
998646209035.0
18885917552.0
18885917552.0
18885917552.0
16706244809.0
17797146855.0
428479974362.0
18885917552.0
1179541611.0
2760110157.0
259092886449.0
18380312206.0
18885917552.0
1303190298316.0
52895021983.0
1179541611.0
18380312206.0
18380312206.0
17797146855.0
38046159773.0
38046159773.0
1179541611.0
1179541611.0
29757602032.0
29757602032.0
53006798429.0
1179541611.0
14685675771.0
428479974362.0
18885917552.0
18885917552.0
18885917552.0
36865131467.0
14685675771.0
428479974362.0
18885917552.0
1179541611.0
2760110157.0
259092886449.0
18380312206.0
18885917552.0
18885917552.0
52895021983.0
1179541611.0
18380312206.0
18380312206.0
36865131467.0
38046159773.0
29757602032.0
1179541611.0
1179541611.0
29757602032.0
29757602032.0
53006798429.0
1179541611.0
16706244809.0
998646209035.0
18885917552.0
18885917552.0
18885917552.0
16706244809.0
17797146855.0
428479974362.0
18885917552.0
1179541611.0
53006798429.0
259092886449.0
18380312206.0
18885917552.0
1303190298316.0
1179541611.0
1179541611.0
18380312206.0
18380312206.0
17797146855.0
38046159773.0
38046159773.0
1179541611.0
1179541611.0
38046159773.0
29757602032.0
53006798429.0
1179541611.0
36865131467.0
428479974362.0
18885917552.0
18885917552.0
18885917552.0
36865131467.0
36865131467.0
428479974362.0
18885917552.0
1179541611.0
53006798429.0
259092886449.0
18380312206.0
18885917552.0
18885917552.0
1179541611.0
1179541611.0
18380312206.0
18380312206.0
36865131467.0
38046159773.0
29757602032.0
1179541611.0
1179541611.0
38046159773.0
29757602032.0
53006798429.0
1179541611.0
16706244809.0
998646209035.0
18885917552.0
18885917552.0
18885917552.0
16706244809.0
17797146855.0
428479974362.0
18885917552.0
2760110157.0
2760110157.0
259092886449.0
18380312206.0
18885917552.0
1303190298316.0
52895021983.0
2760110157.0
18380312206.0
18380312206.0
17797146855.0
38046159773.0
29757602032.0
52895021983.0
52895021983.0
29757602032.0
29757602032.0
2760110157.0
1179541611.0
14685675771.0
428479974362.0
18885917552.0
18885917552.0
18885917552.0
14685675771.0
14685675771.0
428479974362.0
18885917552.0
2760110157.0
2760110157.0
259092886449.0
18380312206.0
18885917552.0
18885917552.0
52895021983.0
2760110157.0
18380312206.0
18380312206.0
14685675771.0
38046159773.0
29757602032.0
1179541611.0
52895021983.0
29757602032.0
29757602032.0
2760110157.0
1179541611.0
16706244809.0
998646209035.0
18885917552.0
18885917552.0
18885917552.0
16706244809.0
17797146855.0
428479974362.0
18885917552.0
1179541611.0
2760110157.0
259092886449.0
18380312206.0
18885917552.0
1303190298316.0
52895021983.0
52895021983.0
18380312206.0
18380312206.0
17797146855.0
38046159773.0
38046159773.0
1179541611.0
1179541611.0
38046159773.0
29757602032.0
53006798429.0
1179541611.0
14685675771.0
428479974362.0
18885917552.0
18885917552.0
18885917552.0
36865131467.0
14685675771.0
428479974362.0
18885917552.0
1179541611.0
2760110157.0
259092886449.0
18380312206.0
18885917552.0
18885917552.0
52895021983.0
1179541611.0
18380312206.0
18380312206.0
36865131467.0
38046159773.0
29757602032.0
1179541611.0
1179541611.0
29757602032.0
29757602032.0
53006798429.0
1179541611.0
16706244809.0
998646209035.0
18885917552.0
18885917552.0
18885917552.0
16706244809.0
17797146855.0
428479974362.0
18885917552.0
1179541611.0
53006798429.0
259092886449.0
18380312206.0
18885917552.0
1303190298316.0
1179541611.0
1179541611.0
18380312206.0
18380312206.0
17797146855.0
38046159773.0
38046159773.0
1179541611.0
1179541611.0
38046159773.0
29757602032.0
53006798429.0
1179541611.0
36865131467.0
428479974362.0
18885917552.0
18885917552.0
18885917552.0
36865131467.0
36865131467.0
428479974362.0
18885917552.0
1179541611.0
53006798429.0
259092886449.0
18380312206.0
18885917552.0
18885917552.0
1179541611.0
1179541611.0
18380312206.0
18380312206.0
36865131467.0
38046159773.0
38046159773.0
1179541611.0
1179541611.0
29757602032.0
29757602032.0
53006798429.0
1179541611.0
16706244809.0
998646209035.0
18885917552.0
18885917552.0
18885917552.0
16706244809.0
17797146855.0
428479974362.0
18885917552.0
2760110157.0
2760110157.0
259092886449.0
18380312206.0
18885917552.0
1303190298316.0
52895021983.0
2760110157.0
18380312206.0
18380312206.0
17797146855.0
38046159773.0
29757602032.0
2760110157.0
52895021983.0
29757602032.0
29757602032.0
2760110157.0
52895021983.0
14685675771.0
428479974362.0
18885917552.0
18885917552.0
18885917552.0
1277171826255.0
14685675771.0
428479974362.0
18885917552.0
2760110157.0
2760110157.0
259092886449.0
18380312206.0
18885917552.0
18885917552.0
52895021983.0
2760110157.0
18380312206.0
18380312206.0
1277171826255.0
38046159773.0
29757602032.0
2760110157.0
52895021983.0
29757602032.0
29757602032.0
2760110157.0
1179541611.0
16706244809.0
998646209035.0
18885917552.0
18885917552.0
18885917552.0
16706244809.0
17797146855.0
428479974362.0
18885917552.0
52895021983.0
2760110157.0
259092886449.0
18380312206.0
18885917552.0
1303190298316.0
52895021983.0
2760110157.0
18380312206.0
18380312206.0
17797146855.0
38046159773.0
29757602032.0
2760110157.0
1179541611.0
38046159773.0
29757602032.0
53006798429.0
1179541611.0
1277171826255.0
998646209035.0
18885917552.0
18885917552.0
18885917552.0
36865131467.0
1277171826255.0
998646209035.0
18885917552.0
1179541611.0
2760110157.0
259092886449.0
18380312206.0
18885917552.0
18885917552.0
52895021983.0
2760110157.0
18380312206.0
18380312206.0
36865131467.0
38046159773.0
29757602032.0
2760110157.0
1179541611.0
29757602032.0
29757602032.0
53006798429.0
1179541611.0
16706244809.0
998646209035.0
18885917552.0
18885917552.0
18885917552.0
16706244809.0
17797146855.0
428479974362.0
18885917552.0
1179541611.0
53006798429.0
259092886449.0
18380312206.0
18885917552.0
1303190298316.0
1179541611.0
2760110157.0
18380312206.0
18380312206.0
17797146855.0
38046159773.0
29757602032.0
2760110157.0
1179541611.0
38046159773.0
29757602032.0
53006798429.0
1179541611.0
36865131467.0
998646209035.0
18885917552.0
18885917552.0
18885917552.0
36865131467.0
36865131467.0
998646209035.0
18885917552.0
1179541611.0
53006798429.0
259092886449.0
18380312206.0
18885917552.0
18885917552.0
1179541611.0
2760110157.0
18380312206.0
18380312206.0
36865131467.0
38046159773.0
29757602032.0
2760110157.0
1179541611.0
38046159773.0
29757602032.0
53006798429.0
1179541611.0
16706244809.0
998646209035.0
18885917552.0
18885917552.0
18885917552.0
16706244809.0
