20517.59877780134
18204.868758424418
-1898.838827355139
199305.58500856467
38413.36623448804
42262.774308648244
106353.8034575805
-1898.838827355057
36378.56183208987
109029.60169452181
199305.58500856473
43714.521522174866
73360.59980110142
20517.59877780131
73153.91139953227
74452.81764013108
85115.01298949122
109029.60169452193
74452.81764013106
69878.52882130994
89474.46130282423
199305.58500856475
20517.598777801308
47041.60035190256
-1898.8388273550263
67864.42174923375
36378.56183208972
121090.2262963421
32269.200866615734
24254.527852897532
-16956.07714352112
200819.47012069158
97169.93878750897
63276.785080833666
65523.20500533344
92121.37027467994
39576.458197507396
112819.93559673155
200819.4701206917
65523.20500533335
62909.25901760022
57853.564473614446
68080.30353814835
29018.310009056157
113780.58936659046
63631.35699902053
141794.65860757983
57921.56835231096
97169.9387875089
200819.47012069172
32269.20086661567
4296.726460911097
-16956.077143521165
-16956.077143521157
39576.45819750779
32269.200866615698
28152.35291746539
38344.800281879114
-15827.231682358746
204638.08740218903
85155.14607750172
74492.37273590712
76244.1275653285
-15827.231682358837
10776.668091908912
108658.28510330468
79395.53160452157
76244.12756532835
74935.30969923719
28152.352917465338
74623.20304194537
38461.5043495864
204638.08740218886
108658.2851033048
107381.07930513202
37694.26808620143
52849.67511293686
204638.08740218886
109791.04824831459
38344.80028187914
-15827.231682358906
101344.956855228
45731.96059504662
28152.352917465338
48386.55555654593
37498.94264363995
-14680.24202247926
199983.89467749887
97563.5481579803
63933.808832682116
123723.29676242376
68185.18631828701
12239.73688555916
77132.48468864938
137134.54719100197
45832.346965013996
60738.17720581043
38339.07319776892
67590.70685337528
66736.75169598033
199983.89467749896
100111.38828514646
66736.75169598033
67217.63808380165
97563.54815798029
199983.89467749896
38339.073197768856
37498.94264364
-14680.242022479339
-14680.242022479339
19428.699651177376
38339.07319776881
85678.2983775828
30186.777416643017
-11652.339379526311
122179.0945744495
79035.73508743352
58132.72558142998
36378.74474354471
-11652.339379526275
67018.66634017276
84893.22710351259
122179.09457444942
68451.87520629946
69248.71665635137
85678.29837758283
58932.788950633716
71319.9685163639
122179.09457444941
118311.94721047733
71319.9685163638
55544.79772732016
79035.73508743354
163003.72668745095
85678.29837758282
30186.777416642977
69380.16471780364
-11652.339379526242
34337.143415262086
43261.73622905854
62996.06500243474
28629.56489378464
86870.67923085293
183684.95059349752
129581.1817454159
47015.87739323192
62572.06718178742
-24952.87595357459
17814.66281053986
78574.16921084796
183684.95059349778
62572.0671817873
54252.32409887961
50850.88293520511
56482.32172141644
115573.5300060216
183684.9505934977
78574.1692108479
9777.115161045784
80310.76089367957
85670.98479877916
51821.83619674498
62996.06500243475
28629.56489378465
-24952.875953574745
-24952.87595357478
53962.62868711776
62996.06500243475
83922.15896551145
47104.49532379836
-29544.62993335149
144202.31230807496
80674.09509081936
60652.752380294754
74146.47600846241
-29544.629933351403
26810.899732772046
105164.35757046602
136925.18948945584
74146.47600846238
63864.426132657565
83922.15896551142
59883.14155652675
95726.25296180659
136925.18948945584
98613.91607830467
6728.807859062621
63972.6006469297
80674.0950908193
136925.18948945584
55557.9157301985
60454.99816171505
102535.834132774
-29544.62993335146
26810.899732772003
83922.15896551147
66917.02910042659
10110.975805454538
63000.00896626303
62320.46495087324
104992.03623754982
77469.70210402174
10142.832992473526
-20444.7931336402
30381.514140661686
77703.32035207735
183876.43652518754
113176.37540398515
57242.67762290807
61143.91487753383
56367.57097976248
64231.95881026983
183876.43652518754
77703.3203520773
64231.95881026983
50438.909523352006
120468.0140059246
183876.43652518754
61143.91487753388
55936.64241533319
-20444.793133640116
-20444.793133640134
30381.514140661504
61143.91487753381
