13025.946078147555
2965.06178393116
15937.882003769082
79278.90163289646
48020.80003576867
22085.665196041635
36144.541430156365
15937.882003768935
14293.763370445851
53924.716964503
79278.90163289658
41882.93808729786
34880.07866452534
13025.946078147557
35526.56561022469
31482.303180733314
57900.77492632816
53924.716964502964
31482.30318073336
28428.98526765478
19353.940817973154
79278.90163289658
13025.94607814755
51557.210958603624
15937.882003769017
3866.454387232505
14293.763370445771
64818.699443167265
21435.589191076586
31728.709013224434
3200.664100756687
84319.74217005349
46036.093742919475
37435.33044265362
38588.31557104448
21135.89381964451
16922.98618869435
61716.01171632388
84319.74217005353
19124.257496402242
20530.164013721424
35290.72230470269
35050.34597095839
29359.035991768873
46906.52591430653
12379.376036905978
55105.62965246548
15345.42934182333
45342.021624074725
84319.74217005355
21435.589191076633
1434.95937301712
3200.664100756693
2549.8120120007693
16922.986188694435
11263.75720374538
35655.806306063285
6985.227101203593
8093.505849378103
79441.4601056976
30924.731666046493
23654.27891950028
39576.78934733437
12688.244078633808
16102.911539617551
54528.918628756524
79441.46010569762
25443.983894867575
23573.562490296837
10789.744174770623
50180.53275021263
45272.515305989844
40158.875169067745
44746.26214277732
19073.255406480363
20634.955454052884
37972.163616134705
79441.4601056976
35655.80630606326
36663.49111334302
8093.505849378134
10030.262568246593
16102.911539617551
37012.281860762654
22022.642631725386
25558.183220699226
-3022.9458600013095
100756.27882287369
44691.86261127847
30985.848790167856
32078.532954307717
32000.474869300426
15549.502984591236
70051.41604265991
100756.27882287369
32078.53295430768
30931.920293538195
33602.39672937219
33137.1200187707
40210.88259441604
15560.53084500464
18551.31717688743
35799.8129091417
31555.089446435308
44691.862611278455
100756.27882287366
22022.64263172546
3803.1511091315133
-3022.9458600013368
-3022.945860001344
15549.50298459113
22022.642631725455
6978.425838965101
11350.060220820713
-1879.1824170171894
129397.79779263152
8011.7871085060515
10371.77291918271
64257.20200917869
-1879.1824170172565
-7320.735326467509
67685.27834508367
82966.40383030013
21367.934485965896
49677.81119158552
6978.4258389650495
45580.60194123022
25114.35451268633
63183.57959950874
67685.2783450837
34650.04533354274
28450.867882564933
74018.5726881804
129397.79779263138
97082.51030776332
24640.753305933278
-1879.1824170171735
16130.652557293666
33034.28929101873
21601.5293136073
47216.372874767774
31536.70097895857
-7853.2236735935385
121350.52437501849
40259.87663413522
35898.2747094131
55174.376662543065
14755.737124507461
17393.134881271646
64160.736016843446
102388.59796731028
37254.84187019293
31817.504854301395
60026.66260644381
2204.6296839566776
49127.62444226726
88446.18146000372
27566.823322837834
1779.4005686948296
51934.77784346607
78905.9086374518
121350.52437501846
6034.820996318987
-1970.1817145593764
-7853.223673593631
-43026.79735182156
-9910.353343862032
34208.348778457934
12227.991214584868
-10642.825877709009
-21811.01394058209
114648.15671223946
13727.40130081779
20023.715850878714
49487.09893416689
28463.217493510696
30879.544547832804
71140.01738401828
17679.674058784756
16022.815015977842
21601.58379537954
28518.91041463323
51936.38322194473
-17118.302801921156
80791.19006488012
103666.33621512062
80781.09927070115
25050.114838027628
17633.14914731511
114648.1567122395
41617.63906398237
42272.782156408604
-21811.01394058216
13317.058529573
16700.45087095267
52610.691179140296
16782.18885628573
16694.989640808984
-15320.845517392236
131081.80526076074
45142.71404501644
34476.31385885079
2216.137691110243
60352.30129773099
12141.26017844695
79407.26300127988
64842.374086012656
60125.96860617267
22900.92947732532
45000.370512043264
47156.33396141548
6680.642665476526
42035.499517288095
13872.569033957072
80967.40377765903
26441.779608936253
45142.7140450165
131081.80526076074
-425.0928766306861
-6321.442322831263
-15320.845517392076
-15320.84551739209
21300.62514535342
-425.0928766306861
23502.173729766044
25677.449476725888
16134.364919765008
87373.79277351634
40916.21838542003
26415.53571064487
32505.18138323146
16134.364919765067
14422.216266608462
43846.302689662494
74882.18474435696
27504.034377961016
27943.71346682648
23502.173729766037
24956.064789568176
47710.55445185555
71701.74834996759
43846.302689662465
33293.0830412186
28087.553339766222
31328.17445497879
87373.79277351632
32131.131315525992
16534.447754410918
16134.36491976504
2763.4661627125734
23981.44473208707
13626.661988492948
64595.24780750165
20984.664169269818
15918.178827605354
43251.21303048626
50181.994549770716
18586.02555884427
24926.728062329847
4009.960423640629
40986.476688316514
32871.34246826905
64033.626779923776
36869.61366651907
23874.147045006597
20674.602786284733
28843.168546997036
36730.39691567809
58135.19704968922
43849.923037456734
9966.710967476345
30880.9852503157
45043.30875424154
43251.21303048625
36072.74932561251
33254.9202043211
15918.17882760536
20213.681649510676
14989.93314178722
34753.41583253137
21032.343935685498
13755.917614730904
-3888.3226699393113
152085.58187894136
13418.637141685736
17463.856144650905
58611.575813994474
-12927.035212258741
-2508.2914071984405
110912.13840686432
35741.92069848213
13204.41635357542
54442.79501265101
16531.926035419776
49213.182502283
22663.236130899346
23160.63072633375
77572.00881298028
46000.06214115581
15801.105590531302
25144.187165338662
152085.58187894133
50781.71440041023
10182.459694524756
-3888.322669939313
5798.775553152762
27612.409158345516
28111.62425238917
15233.261237418372
12228.26229969997
-1571.9804002924404
136378.4827603702
50955.04560020477
34746.992490807796
65449.408757835336
912.2039764175576
10639.11609143401
48549.84867569479
107150.5900243652
16647.990839013542
38691.55528626504
23412.02676233417
22212.717084812422
38978.233615966186
87693.07987391115
47247.10255456998
43117.67942147937
40515.68672097425
50955.04560020478
136378.48276037024
3392.02230394505
5235.207837624897
-1571.9804002924468
-1571.9804002924468
-788.6598962628414
3392.022303945065
36505.94547266467
16897.102870900984
-877.7911768620397
95004.82852210429
51794.18953457348
32786.575859410965
34852.40999521397
-877.7911768620422
24691.92347585219
41713.22799597076
36675.464527672
34852.40999521407
31396.374979284385
36505.94547266462
27331.199078753303
29994.763494582116
95004.8285221043
41713.22799597071
24443.211835566697
36908.1605820716
60436.43792016107
95004.8285221043
26177.13393739352
16897.102870901006
-877.7911768620543
-3258.0493828700733
4784.076775365855
36505.94547266464
55553.232939425434
17942.910719616222
-4217.786404819777
55171.98709568883
35726.251806513006
24350.418923334804
9280.898720190173
22622.10719226383
26544.322995676117
54905.58492505885
58288.435897691044
29102.850120013347
29196.3002578884
55676.34696719909
25641.795889351906
60173.39241197168
55171.98709568883
51392.056784435044
-6976.460724687125
37915.01710937121
53619.268243925224
55171.98709568883
22670.880994244235
17942.91071961623
-4217.786404819795
2723.797718038085
37397.60807481326
55676.34696719907
12912.056076955634
18297.154550147796
-8763.370070813651
96339.4414150528
34713.37719932209
21774.335844622914
70475.40302025141
33795.060900273194
14457.96446458567
31045.20254583659
37678.020029914944
1130.5353902061731
47415.58992738464
20911.257766764687
20729.523863215756
13809.931601766326
96339.44141505282
86748.20403499134
60159.21376353558
19800.529411793425
13841.939454687024
96339.44141505282
31604.633775199207
18297.15455014784
-8763.370070813702
12013.709666789102
28758.239424433435
20911.257766764666
33716.03477302139
16788.676861336295
-642.9825435833898
106690.82397716118
45715.96492018562
30387.808008224412
57060.03050592278
38600.77162499755
19655.62039615955
14988.926887282436
15717.3523582077
37546.849589999496
33288.633784863094
12592.07688539579
31112.924122836743
32052.51619550647
106690.82397716114
75038.80227298981
32052.516195506458
30489.581687552785
45715.96492018564
106690.82397716114
12592.076885395709
16788.676861336324
-642.9825435834061
-642.9825435834098
941.5649031122748
12592.076885395727
47180.12454160461
19375.430801464623
9867.359731542158
51170.19679079116
40401.998344316016
21297.11675383567
35950.4949672753
9867.359731542167
27961.329424036536
41518.97399579428
51170.196790791175
24616.365674924193
39552.3571384549
47180.12454160468
27845.723743919607
31353.45746860661
64817.341728030064
49735.13820487458
31353.45746860661
32561.363191709526
41980.55477544456
73230.51541757582
47180.12454160468
20606.585856993846
15191.731033867918
15918.607748526012
27551.70571398863
5549.311919746702
13855.805734333508
9321.476868306418
4822.979990027488
136065.5611842955
82233.2257717442
39474.034196360626
32487.146314121066
601.034898268868
17704.980837809922
31724.783436380996
136065.56118429545
37518.58668275601
20616.16438030137
15198.326331742059
25320.329998349967
50415.46663525208
34667.44317199609
32532.55716681593
48133.04653870464
45694.9261611585
19935.296871088576
37601.99923808846
13855.805734333459
-12322.176752600666
66.67715552525794
-11736.489813208356
16663.49335608186
21932.445761207862
38657.602278012346
34518.792871380254
5324.387437872747
87348.95585831808
30549.60395661483
39897.06790388697
32327.97826149326
35384.66346132701
27018.94401301952
39978.00308020342
87348.9558583181
37649.86961711602
39989.37058230039
45454.50484446928
8117.258713367054
45905.60721626248
35179.00198144935
60687.153463125986
9799.895699559844
26343.870831155426
40568.353196055476
77191.46858625718
38657.60227801237
23895.326254561354
-13497.148892114386
2059.8620049920833
8064.711355490601
15866.948973301029
33125.332401168365
15130.89566691783
21384.39272738628
104116.87793524654
55369.97673591864
24305.581128844267
28511.883175701434
-2604.417834520031
21658.85653668383
59998.487141987476
104116.87793524658
28511.88317570145
24763.65696886326
20111.08962035109
44506.808911335145
62115.33984110909
26198.15584805859
22864.117296741035
3453.110592154931
26141.376237857457
30050.880161033623
49261.14413484373
33125.33240116839
22029.91507852429
2878.1023841245405
2878.102384124524
13562.20992677494
33125.33240116839
72924.55734398203
29136.470490221778
3478.788868148338
61120.14302202228
35448.06179284141
33255.75478417788
16011.006715352878
3478.7888681483737
39501.685877096505
66312.3134865906
64277.58847206831
42504.334575267734
28270.827931290016
72924.55734398199
25077.861072603388
22474.335578006958
60548.25129536687
82300.36350935258
27141.247615544147
25110.324982941784
38481.49883834833
56716.793687812984
52364.01292630713
26794.1959632279
16666.714267320574
-92.18550240550287
8717.945724632731
41386.43852287005
-647.5908163564035
31733.03180021695
-390.25383409440695
-7390.430431915394
-34429.42570598028
-15536.583578167345
-10827.613330265987
3527.1613260453087
-61106.524487706
37093.2960985942
104142.80970078392
66723.97465371303
49541.214440338976
-106474.69481864582
-25913.54189945445
56959.47855323916
400272.1273650753
-38096.27435569545
2949.9976989244506
101678.57481265703
134069.62858524112
223206.43190733995
30276.094583325677
38167.2213614677
15474.939660083033
18835.361370248796
78359.52974082065
59720.12905080698
20474.066092405123
12331.99199045646
6118.874288286374
56632.30952001905
48769.40268498438
4531.281502470993
40801.59860718401
16366.402063767027
68275.63781724364
33100.16190143354
103258.50864402771
25677.438928467796
57651.369718213944
68514.21275129156
10612.28663203602
35786.662564658305
67390.45219327803
43543.68030311495
38763.672617451484
48065.51179698498
44530.621645684565
94919.84403655058
23808.56847259604
21977.75431260417
8861.456194353494
22112.31507829119
-3728.174319740163
15088.849620642808
25492.520460861848
31797.326703029292
34496.19674336359
113550.91629903705
77248.72212477238
17561.657179816855
12083.164082952137
69361.00826891008
50727.393557423864
-26.250369759008798
65261.799459152295
10170.331019131792
35470.99073268964
10978.991999110467
16700.398078299786
786.0129977144852
239127.3357509818
88372.12534593778
103168.8176920837
69949.92611694243
26848.756574276333
11616.307645876279
30105.58868101598
-24477.56164123289
-79853.73863233863
-79853.73863233866
-10279.188808061983
30105.588681016015
43247.45982381305
41422.58744513708
956.9896045575806
91204.57386228988
56425.41447610638
44084.826048987416
48724.13611001328
956.9896045576363
24127.461384760154
67320.59136166476
80263.05573123226
32021.1016293343
6332.656253395391
43247.45982381299
31605.00555622603
32210.013169677248
43434.102898133366
23376.00669889152
5573.621951222707
5433.00392974693
30652.9915679396
52587.78432290263
-1133.2779199504002
11770.512839684627
16713.95408215498
38353.56107749557
15696.87717704651
38966.76452935684
-1950.5787850866645
5155.201641066844
5344.457746525063
82033.6689504637
37595.485896830985
21176.031976861617
-1323.7891255180214
-2316.554122951797
4851.34147293313
22009.97286818729
25226.1043453154
49315.91666145885
25518.395416491323
14242.58297909823
23338.830752888
59384.690419755054
93353.03157639486
42853.415745473976
56639.73331595405
26070.936353095833
46092.98520836204
109751.13225938925
34219.92441258744
49748.981758126036
33339.803454450564
33247.17588482755
18219.60108173589
25039.61263862416
46125.42964301349
9089.647914153305
-18159.367085437283
81246.02913288053
52286.10378837332
21637.108972597565
69689.99495724458
-19352.934558757068
20405.41423433283
20043.634825737015
173643.46240112098
61857.78924578947
30672.627556194784
39509.95419108403
33991.647917712784
1258.510762788873
11545.83919884077
61122.03202722687
57705.48319746143
16566.56069744588
10367.993902198748
111207.9977160648
16785.779614927036
31221.980461756215
3918.4093347246426
47111.8251601352
26086.00865272179
10324.98564269333
25842.78350337893
20600.079631209897
-10298.352172933655
39267.21194421063
80069.47268698506
46134.81792823775
26211.81302866181
7576.597677324266
5688.062082893736
56689.3617566978
49293.97253494488
41162.6716240833
29669.992040760168
27659.709772357004
21242.482643254865
40425.72371655236
178270.4821310792
12577.909996567816
14899.019053871547
36828.76153645928
84645.41318340212
12378.439010896143
27404.876405865514
6233.247226399897
-7459.552726232468
-7459.552726232477
8513.010263563025
27404.876405865507
21828.26065155384
15576.49406807893
-15956.741519984453
54014.51900691987
70798.1012511877
37019.33148350422
34156.88566664394
-15956.741519984364
33238.63379039087
56270.52868270321
43147.336911810235
34156.88566664397
45599.33361377892
21828.26065155387
12929.307966941855
28053.75789237374
142753.9556700012
20099.857991123972
39165.677534370094
46480.90219648356
60061.08697854729
142753.95567000122
37187.52260110974
8169.322286793118
8833.355634958787
9656.703762867217
-13294.782412731976
21828.260651553872
27511.043187442727
33442.40255683304
28343.033276564132
50094.5312854215
17619.473071288627
17531.972771511257
27031.671309130666
43860.924326959364
30910.239317509564
34620.48558488925
69905.83420795968
3873.3309479230898
39561.40360108044
18927.43430868775
20584.720825131633
28865.33499459155
101886.45829465697
60350.03973444101
77256.77938631886
50721.1187598084
79377.1494843504
101886.45829465697
56309.80175868359
3756.0697736773727
-32009.581403561675
-8003.15051975748
24948.540586714666
18927.434308687756
34283.35800364629
24177.953783340665
21520.526892793227
88400.14460518459
22382.36546188425
28124.0349701363
37160.188286007346
3587.2719628278196
24268.03699833998
57201.50163312582
40143.68199487311
75420.43468643335
25242.402903119197
19891.608279741577
30736.40083158844
38382.053549621305
112644.51706674648
31026.47253213833
24744.039344966284
26348.423442816078
52051.563198346244
112644.51706674648
14397.264467399256
19050.21100383642
8516.910636043996
-5385.947186305048
7802.479462222387
19891.60827974154
26744.90349778539
-15305.716253819352
15402.72427105344
13654.058390753707
54207.67052884636
55570.45551222264
36582.64952094333
23843.762203896717
45650.103908013436
3757.6131318684306
75042.88423915565
27011.33030726012
12670.28555362129
35143.40048828773
31071.2723022354
35425.272014953975
99114.76675474895
79570.15559588696
35425.272014954004
24779.335382363934
61275.70717785112
99114.76675474895
35143.400488287865
41480.909733020046
-13492.995866729305
-13492.995866729265
-12751.083836504418
35143.40048828788
29360.572234322393
16834.33818441727
11935.913687280125
67515.58527436889
48173.62981511231
39824.932805877
39608.38886207665
11935.91368728008
17610.36365029839
47195.302047292826
67515.58527436892
31005.952091861214
22733.84023086226
29360.572234322368
31900.20398848339
29789.852139676095
61172.76074370198
45757.25508302107
29789.852139676077
24432.39239632314
35444.134792223806
93263.05556331533
29360.572234322375
24741.848643496174
12544.294455042505
6158.817493414988
20520.90057846094
29178.192404232803
23899.601084673013
22568.49891801858
-770.6589034508131
114578.30620502976
75834.22566478174
40706.02596255194
31201.9321701723
600.2493919173178
5858.1568456907835
25541.758243740973
114578.30620502973
51097.01436822895
8442.355868989012
28795.360222517487
38378.58031483329
40329.306754160156
58911.49051801027
46476.27033924488
27476.93932309461
38410.97644338891
13773.626040772975
20521.872945896124
23899.601084672955
16469.95503082187
12273.925249219299
6495.1214087876015
-636.3333885803113
1085.9129453093556
11912.639337004606
11401.345015397834
14582.647990154128
105604.76985183239
85932.6860554706
57447.526378855204
69829.91606993457
6707.995008465249
16134.912906735932
33024.15846527329
105604.76985183239
20002.60892608762
18859.789689894304
3431.830661489549
34323.41352666503
12954.48724277938
101472.88983174316
33247.730156478945
40179.39901404564
10904.766137949942
23892.23516925088
19824.789110137317
11912.639337004613
26925.687677111608
-2959.5651907317074
16691.595390569444
24915.16674712208
71126.45313073508
28553.238327888434
18214.70729070244
17313.27415593115
64689.719951157735
35343.68786786927
26107.866595183
32690.016931928778
5218.724072467696
10927.37114532562
38263.706179548026
64689.71995115775
32690.0169319288
31031.43010794277
36537.312774864666
33217.2450020908
46585.27171107052
88826.76849000114
54797.436007298995
25175.10467451947
29970.87871637361
41460.055249956116
49210.747936542444
28553.23832788843
33693.7571319399
12955.63728594923
12955.637285949244
23565.347861093032
28553.238327888434
15967.538823188333
6170.7090891247935
6025.968923246757
107851.19541230847
58880.23507980876
39198.75960588099
66930.96294626893
6025.968923246782
20903.386610668156
44734.08139904794
41921.29900043262
21564.351723094485
33170.20178612934
15967.538823188315
32122.503910877313
36157.89279400376
87599.90334833326
39313.40069182997
21613.635218400013
18739.24375471488
46726.9612279413
84807.2727847813
41417.912508895424
19947.136756575383
440.06385670052487
20345.53750025063
22598.868627794836
46193.23330811203
25836.32527046342
40375.297974009445
401.5670467112497
4729.766562248949
81013.00559581902
35701.498472513376
30160.305233927895
-5858.092783698041
2663.5761045377308
92485.92352477882
63248.25717792477
26229.168314696806
22674.576811317314
90747.5784040959
9631.33381623076
41510.71398896553
201968.53475777924
-30762.160835371065
30150.591700505476
71567.68644231003
77553.64452935476
123982.70549647493
-46171.41223204904
-23270.77225182303
8553.461739405711
10249.422786137702
-11091.867608078053
-50037.255401993454
39233.68844425281
20606.868010313687
3007.866047769043
93451.96833508238
64169.08353767355
41680.30866658127
54410.10645980578
3890.8410810939326
17064.756712445665
38594.103416939965
52353.12680426057
-2443.6462104620323
19946.62275147799
18169.30413329463
18350.024201505043
23390.916540323982
20725.698158609688
25088.71021164065
31984.755759019456
36648.46451563923
84071.63316123409
90492.95524722165
73076.92363032515
22212.254649346014
4151.64551039101
6881.272347660181
30394.28203976635
48235.21620928825
36322.390353221985
16276.077465360213
44383.147113528
47738.54417276794
49054.692390647935
10299.17199963851
40727.605989636264
1664.1887076332657
17429.567648408614
47453.35835420059
99145.45284753878
8179.666828787949
23415.893498990234
37612.80295086945
43403.48083638039
93216.93856325872
72667.74827691249
40232.0603874669
-21636.77430205132
35759.148728299566
62521.22329311387
50919.62641898025
38483.41624065506
23809.26574730604
-11455.895841851092
-11455.895841851085
31074.29824979286
38483.41624065507
18607.736102492083
-81.59314420812007
-29915.26116869822
96174.60164946839
43890.80626500193
48257.17415601475
53341.76025859001
-29915.261168698293
8095.906943114461
52719.40628604581
136538.55395633666
62820.3661453535
41101.90781245971
18607.736102491966
17638.587858269802
60168.48182828566
155319.9942112345
24868.42497216787
-28.023348769489374
21746.415830513844
63567.14091475005
19539.050897181518
34012.59413482845
53237.14512924079
100987.09642434632
-32512.05901703182
14194.469921780372
27423.62948794885
53908.572472805325
24109.353321408315
5379.623626149466
42927.12399028091
33211.795038782606
38818.49730921443
39763.270219503436
14345.364309243818
20715.342694069695
52846.740672012376
127006.49617027969
55245.32171340792
19501.83989711965
32978.05820852542
56767.84489802555
30322.547579492453
58128.43791118612
54585.71600279168
32460.820492266514
11311.506774576254
39232.80439167697
121799.53960005328
10183.606640341617
29366.867889406418
12416.938841323154
2917.9784380041333
22380.398453436293
16517.625814631232
-17660.203124284402
55201.1739014183
-8591.88087791023
126706.2169931688
87780.8308572401
61246.50734436253
98666.36573748964
7151.827382425819
35663.24698106056
-34084.30216092423
27777.203562239167
-40048.607304831814
995.9130588286505
32660.255905930073
26868.50015813955
8620.65600748487
62363.640497695356
57859.28265851755
33633.08492766039
-6452.96290591568
121026.39596129305
2117.079724352693
67364.10091660923
-3909.335236186007
56132.98729294297
12503.024839380638
18473.297227390045
97884.4434397473
31256.661803567884
12926.121395495225
10790.642769119302
25486.77882378709
32847.61189652334
32493.919717231984
12339.19118654583
5158.611357936755
23027.42715311432
50957.884411971594
71163.31249235952
46896.6416818599
24654.38000267478
39640.16858841324
30151.513329754882
26500.498502289985
56549.468033763245
50328.01128457465
18211.460521898083
26047.098041637255
55041.10612559084
73263.4697529269
62140.63162261479
31584.02220135132
-979.8065832412613
-979.8065832412658
27719.17257913563
62140.63162261479
35624.42509716013
15760.421996138393
-15684.947409699693
55273.67151352723
59719.752645510926
33735.4559297954
32835.66990054911
-15684.947409699715
31116.98011199166
48970.94642066223
79003.79075413689
32835.66990054909
38414.79991913581
35624.42509716019
19499.800628548168
48552.89349199312
117809.81106380696
35577.92887648306
26331.640693793805
45949.72504951028
51939.20376866528
117809.81106380696
-4280.477460783848
4677.72672997183
21638.814455076248
7494.318867003761
17.140655933535527
35624.42509716019
45934.15264119727
30689.815988348884
10261.752212615731
68500.94528569955
52727.11032493446
14911.655278784596
33752.59712884915
3140.627897997245
13446.60558773254
82832.98432200524
80208.08501295437
28934.003683412386
34957.910655533815
35594.711287075355
51200.13002476189
11229.39776832945
116881.50814962802
50326.583055476265
74906.65029923483
19014.629648458686
21644.44493435756
116881.50814962802
25605.322685364383
9798.717813279249
474.98559799315353
11003.559119051894
23536.52906196593
35594.71128707536
19450.47557132638
17076.265112669615
-6623.118952823566
100898.34291931622
42305.99404542747
38289.03362165055
26556.16995791115
-1636.9007361022116
17965.721095489815
36109.31813882017
21657.19063646875
40753.85188581421
6539.510322525558
37727.18325432218
33600.61149295524
29661.906743422558
125214.70540910125
55359.976474711366
34422.83991263446
51526.17973521497
68720.82506209139
125214.70540910125
30258.90237137972
11776.935005083973
-1916.3916868340934
-4528.365995836113
11495.023775005431
37727.18325432217
7126.851909339053
26798.89076097966
6485.850726252817
52410.447718854004
34493.70694850739
23415.6094151136
30019.875908601167
26950.70698231009
20776.020876824296
60249.837143018696
84665.16247656563
15190.287113011698
38022.09683506285
51029.66136794737
29616.773754138183
35259.25511290667
51341.80571368967
41756.0897238889
35259.25511290667
29706.456898643642
45654.644349395676
51341.80571368967
51029.661367947374
10277.362379341794
-3146.373490620086
-3146.373490620089
34216.946981763824
51029.661367947396
28161.175666537798
14215.070494126558
9570.178992186935
89852.09893078594
42823.5308169494
27094.110768373055
36120.74071005765
9570.178992186842
13664.374320010822
44122.950959775575
89852.09893078601
37282.7104643712
45069.07581912485
28161.175666537813
22246.005070079653
29304.466423319758
89852.09893078599
39646.33260790444
29304.46642331976
27366.741789907428
42823.53081694943
24289.474417194717
28161.17566653781
14215.07049412655
7702.788090572288
9570.178992186884
28210.96104331147
21723.138437508762
24847.008669230727
13691.752482653508
8852.515618309673
77648.67340481689
40740.70378669381
20410.640163429973
31907.81510140848
13422.893079857728
15861.330740259265
46093.178739021525
77648.67340481695
40774.05758681641
34087.860818691406
14399.138830395628
23549.03112662285
36718.0084072851
77648.67340481695
33607.74827922252
32861.91694529323
39802.61685329005
40639.652173722396
63823.28122206235
24847.00866923074
13691.752482653477
10942.616647447549
13422.893079857704
22659.482512875766
21982.81708258585
14515.204415976103
16456.42086665961
7679.880782125437
82748.82560032648
32043.743061106605
24059.798787703356
23584.19125294103
5076.218748672942
13012.508114194748
82902.09679158604
82748.82560032647
56312.45970749869
36972.76712991812
21668.173564187215
30429.128151663073
44349.06325601665
82748.82560032647
15877.051162574964
27019.93808159559
30296.89620180524
39146.8841930482
82909.45796858714
14515.204415976063
16456.420866659653
14888.294158693641
5076.21874867292
16941.226995335754
35020.29365601412
11559.87047930136
16064.089959603254
12299.021589280748
78467.9424475651
44261.77423320712
32810.834773494455
34544.705597769884
8181.215077691042
42002.74476426521
54410.85932694928
78467.94244756513
34544.705597769906
36690.001782897874
75850.25113556242
35878.041813275675
40854.24460045064
78467.94244756512
54410.8593269493
30335.48378953675
21061.413395581974
23560.53022591938
67416.92166599729
11559.870479301375
16064.089959603343
8181.215077690958
8181.2150776909475
2599.5684506216094
11559.870479301404
52427.61785631226
3785.9353662539797
-14080.218411916416
26885.013482180842
37177.33349928933
31281.52143695699
12220.664389646021
-14080.218411916425
32688.265518434575
36143.39726520673
122845.42294759612
48846.720283481154
46057.895648381214
52427.61785631225
22820.17199993655
13950.794808431212
122845.4229475961
105731.3684116403
40614.36492905601
30342.58428267314
37177.33349928926
62090.25736304819
12257.730508771598
21346.248121745437
10096.836044616062
-14080.21841191644
-1163.7080199923403
36799.24018030854
2841.243945093992
37047.27205616151
26831.648330771735
77447.46397208906
37565.57969580388
27439.404429624163
31881.66499147542
-19657.1365739296
-9771.657351471418
39965.420980628274
78023.86919428979
26935.555234505217
34307.0510585461
76953.03496699902
13678.770797701625
-3956.510224645053
78023.8691942898
46391.43334972546
51835.58748495259
53863.617002333594
81150.40149755003
68651.1333724918
55831.29272964959
-20681.330578077548
-9216.368706204514
-19657.13657392962
72062.38606813917
61326.92882968558
-3566.895445331021
15913.213607654601
64010.01983257398
47729.33266369816
42310.0913110498
11230.197377045552
41486.31537363045
-26605.97692314751
-3159.9530103755155
32005.332159327776
125289.8797100378
22267.040503845932
42271.33597069591
-18873.48826190203
31136.070172036412
86885.95260080382
125289.87971003774
69570.93922297283
-8439.728365209941
41914.092925149555
54631.478846251484
98729.22435748499
50469.154268077706
2715.4134353890804
3810.811684694634
-26605.976923147555
32061.02706858236
22151.88014688756
72978.05556439073
44523.89396768708
31784.491256868652
55165.809961369836
18655.829076109567
14094.855166361147
18173.946729492265
6770.915240467019
63144.52691370168
57336.39674120049
114566.57249613864
48410.854095024355
38956.20579752524
17477.602293314947
41944.775524305805
22408.375376244356
114566.57249613864
57336.39674120044
57834.972100584564
28057.838439450847
44696.23571220655
29620.478589706167
7850.411766702811
-10529.078195092115
6770.915240467042
6770.915240467086
-18409.745683648936
7850.411766702797
27027.297433467767
21455.29869880063
-10637.235191920045
53173.1289887568
41057.942146404384
29906.175851675653
50463.55058232114
-10637.235191920072
18150.132300215555
39810.360845331226
100069.81578857974
24216.3644719537
18784.670785290244
27027.29743346779
41092.3558166401
59399.61391156979
100069.81578857977
59290.258346751965
1634.0855889931552
31099.787440294916
41057.94214640437
84503.46742054063
13085.89490896722
21134.624224653147
37176.9523545178
-10637.235191920026
4562.194003821147
33726.65755828443
18179.247507963093
2055.523924518464
1956.1976718553492
58729.733245618125
68921.13130904143
40020.0772538439
69437.98611220776
6159.718398751664
27168.18060344372
59500.514405800735
86536.90185086204
6304.53828824039
51110.25878743354
53248.54252023505
13495.307757832352
22886.586355614505
86536.90185086202
31035.302014738743
33071.991948989285
15521.619945991824
29156.18791184644
20288.96040340258
50851.879203764845
38397.209468835776
29239.219952412783
6159.718398751644
17640.653481542387
30326.416073481087
7089.748801645072
4075.2784123740857
-4289.2245979546105
84761.19865405143
47144.1369349145
30522.687941917844
32769.948089036356
6094.755526214879
10588.525178067377
59311.41004532107
127296.37579582205
36862.74374311361
18743.698308994142
10835.739432616538
26250.89027113475
27055.301539973945
127296.37579582212
34404.97941512927
54676.65610959456
51235.10395251136
50837.54521088898
72198.3250016716
23647.74683362114
13659.175434014847
1802.9866050066796
6094.755526214927
20474.467870573317
39158.8889172285
71354.48353974486
34506.768692080106
16617.3277689263
59154.628699288514
29780.310028379594
28149.272080843046
21533.396417465465
2366.4656128179035
23527.879992753198
61895.263411193744
137896.73563703249
52712.360656316254
42525.73334223572
62283.69675920892
45515.495175145894
37160.370573011045
137896.7356370325
61895.263411193766
38258.20211851347
17015.648580282344
36353.53946547596
30790.111923740566
-14804.801368665998
-2497.4038904387744
2366.4656128179063
2366.46561281793
12653.135783256086
-14804.801368666005
22129.112065988887
5027.133979395658
-9384.20588462014
57889.29429054902
48358.129270376456
32901.557059992265
33411.07838321855
-9384.205884620165
17893.938522057684
44627.236780578954
93904.89944001556
33411.07838321864
32755.545743436414
22129.112065988946
30900.892458419883
63619.91353557271
93904.89944001554
39576.81130821757
11957.185857283399
31599.450808244837
48358.1292703765
93904.89944001554
26733.65148906248
17319.64428421887
46658.00247939829
-9384.205884620173
17893.938522057717
22129.112065988895
41713.99256478216
11390.901000194994
2350.0126185965732
36195.084786954954
47306.642026212
28020.14368191684
38385.02677011006
-32.8223956842645
18213.0232810111
52405.00829614971
109610.10097298872
38961.71642435805
39782.44505649333
28162.3514898638
32861.28640149899
40935.75765664934
109610.1009729887
71029.08577438361
20259.399512891265
32065.90489487481
32255.90977799036
109610.1009729887
20222.550512533726
13320.074122576523
-4164.38009212699
-32.82239568427559
18213.02328101111
28162.351489863795
12995.4258925112
6826.603198123848
5706.499299604757
13938.032902777582
21349.080494362526
31162.092468028266
38198.37835395254
-10089.23021976332
18573.345461238514
10790.37570134476
115858.20878972445
7773.998386464895
30979.196379069035
15408.680962886863
36571.40046319576
65657.7521029286
115858.20878972452
91281.62092370962
35236.98781546993
33297.90370331401
80110.77026790762
115858.20878972452
52159.12306068727
17707.951527027148
19737.68013291731
-10089.230219763269
18573.345461238536
15408.680962886845
66175.22427320943
34604.15322696653
14023.442291297279
43721.31751914482
37769.90472601361
22216.74083185802
28404.025927547515
8624.246426829899
16579.537355251658
55448.4731859662
95758.60634198342
49432.75188904945
36497.58023558484
7670.324974334057
36453.64064979764
36025.53167314345
95758.60634198345
55448.47318596632
36025.53167314346
31139.7958491256
21740.270614560523
95758.60634198345
7670.324974334086
6639.863414589703
8624.246426829903
8624.246426829923
16579.537355251654
7670.324974334042
