137499.99999999994
124999.99999999994
137499.99999999994
137499.9999999999
125000.0
112500.00000000006
124999.99999999988
137499.9999999999
125000.00000000006
124999.99999999994
137499.99999999994
124999.99999999988
112499.99999999997
137499.9999999999
112500.00000000003
124999.99999999996
137499.99999999994
124999.99999999994
124999.99999999991
112499.99999999993
124999.99999999997
137499.99999999994
137499.99999999988
125000.00000000003
137499.9999999999
137499.9999999999
125000.00000000003
137499.99999999988
