152162.62953833223
144220.46712530806
133398.20233934507
131870.87922761502
141935.25640686625
128268.10259365206
119192.20512945249
133398.202339345
120319.44570034035
120400.06257167665
131870.87922761508
121206.44201745762
104997.39865201311
152162.6295383322
107683.11108345442
123503.55709366323
136417.20033968092
120400.06257167667
123503.55709366323
107592.17637029392
122928.4998556358
131870.87922761508
152162.62953833217
121632.5964684099
133398.20233934504
134682.74348078272
120319.44570034035
125169.21985569721
153155.8758233
125576.41319765145
133876.86291509727
127949.41065445318
121293.22532526591
109068.84910241202
124586.03334205018
138598.11845646455
120586.80189952203
139990.97092525157
127949.41065445328
124586.03334205018
108573.70473863097
127713.03170878232
125622.79649262698
117813.36403900674
139514.43326780188
122371.49227533763
119415.7422359973
105955.5251580746
121293.2253252659
127949.41065445328
153155.87582329963
144201.0099302418
133876.86291509724
133876.86291509724
120586.8018995221
153155.87582329963
153523.9681366197
121576.49944431649
127889.48319386714
133439.46170268403
126202.59371853193
109565.9542958347
125025.66786599068
127889.48319386711
140216.208788135
120850.08412003767
139305.2431320738
125025.66786599062
109061.8036030746
153523.96813661966
106233.43211862759
118035.63163659323
133439.46170268403
120850.08412003769
117909.61378544483
124659.19571861837
143788.68760603882
133439.46170268403
128761.64821804911
121576.49944431664
127889.48319386714
139053.83156153242
122243.54154253745
153523.96813661966
131186.57762868772
122012.64235292486
130089.40617373236
130788.87757560932
121880.12488887022
106816.66752553612
112556.38865682625
137999.47427037166
123870.59908794294
124936.3141062121
138698.04868444995
120082.0158167568
122344.70182111485
154485.94460652117
110594.31350783765
126127.61201958846
130788.87757560937
142208.61190365395
126127.61201958846
110504.48106116285
121880.1248888702
130788.87757560937
154485.9446065212
122012.64235292477
130089.40617373236
130089.40617373234
141965.48177381896
154485.9446065212
121746.70736541443
129712.99039918138
148167.15978266462
147280.80415766637
129879.45125066195
119151.3565565935
132013.8308423934
148167.15978266456
113712.49464467427
112769.62556480328
147280.8041576663
140152.49665920335
104575.46097366196
121746.70736541468
115524.52581762275
126718.37910573576
147280.8041576663
124654.54263808603
126718.37910573574
115716.07384769442
129879.45125066201
138893.62268391534
121746.70736541467
129712.9903991815
138859.67999442903
148167.15978266456
125119.70145335316
142456.10023789946
122913.10294392373
130024.97667856602
139008.6781557627
144522.96590396125
110331.72106802522
116292.23200536687
127733.13733930097
149909.819879737
127277.95348121026
131007.1680611593
144522.96590396136
127733.13733930104
117450.87950635374
144502.49397396774
120227.79968154422
136761.14276563792
144522.96590396136
131007.16806115932
132482.77774596444
101689.29887799734
123706.86066401971
139112.4360588866
122913.10294392347
130024.97667856602
149909.819879737
149909.81987973704
115189.32122807609
122913.10294392347
123350.14117077446
110036.23561214277
144211.33207099605
138797.2621201474
130311.90093143724
116793.11754456678
128140.88799300512
144211.33207099617
131298.51689685677
127375.09050806366
149814.88470761452
128140.88799300518
117955.94044320135
123350.14117077434
100534.59762920307
135379.91486885707
149814.8847076145
115168.91205977168
132675.05194333493
120649.21697746898
130311.9009314372
149814.8847076145
145400.16880591886
124022.47006557052
139497.3939571312
144211.33207099614
131298.51689685675
123350.14117077432
147713.647816094
126938.71742008463
142107.8928743373
140952.73104082313
126418.39495738891
97775.37136962793
130556.9983775558
145178.1125830212
131693.80193308796
131511.97761649103
146444.17007903638
134471.55319244898
121527.65855143289
124395.99664635812
118558.98871580414
129190.3141754275
146444.17007903638
131511.97761649103
129190.3141754275
118745.81201990129
112588.09315640356
146444.17007903638
124395.99664635815
110492.35215823085
145178.11258302123
145178.11258302123
131693.80193308793
124395.99664635812
