144668.19391156346
116856.80666032195
132634.2570625235
137565.55523937763
121123.88160864104
87148.94442030088
110161.0312018942
132634.2570625234
134692.9289644201
134192.66313933188
137565.5552393775
127032.39909472367
123816.98848730438
144668.19391156355
124864.54950538809
135595.96688825678
152320.7492566662
134192.66313933185
135595.96688825678
125499.96168621657
130083.40144737287
137565.55523937749
144668.19391156355
128843.37509271887
132634.2570625234
155103.43562321385
134692.92896442005
147867.35645670284
144621.38616762412
141188.99469006958
134168.94727081998
145865.28499776035
130231.43480891627
129605.44666737542
130957.05877482552
155651.7310278227
127634.05430596902
135377.60229478314
145865.2849977603
123786.24019217494
112428.83277982178
159020.97450292573
100896.54612977218
126649.42548518276
137482.9687209868
133419.93607038862
128856.06271313234
111217.496420238
122074.99350974929
145865.28499776032
144621.38616762403
107632.30525634627
134168.94727082015
116746.12785644019
127634.05430596905
121324.15082778034
146033.70130732295
123430.6844609704
146916.3408482842
131146.09573955458
119863.56269019884
104218.48453783477
119732.99819606941
120489.59730029029
118224.7327366988
136136.61144581193
131146.09573955464
119732.99819606931
103158.7795696683
121426.21745104226
137377.723124529
119466.55668450061
134961.5629753618
119255.35622956627
136899.13538933953
103241.88288177033
119863.56269019889
131146.0957395546
146033.70130732277
147852.53382916172
146916.3408482841
146916.3408482841
118224.73273669883
146033.70130732277
109585.33071765771
122149.06394539279
174488.21586486156
146548.1767525529
109617.14185305247
122181.32912895193
158403.2182124376
174488.21586486176
140344.04457447655
130845.24221056541
163409.95544898225
133316.67211762475
116970.69499405356
109585.33071765772
110743.42599664812
124863.41114410914
109743.87540100931
130845.24221056551
131490.17851842038
106734.58708978754
108235.39697903639
146548.17675255297
119905.3198664189
114897.75527811318
174488.21586486168
124842.7468277646
133803.82219931268
123314.84333251994
155918.44319643735
129564.69331288344
148554.12416118453
133618.39154188536
149579.58265851723
113665.84058832118
144283.15075182743
93874.40310555068
129818.40076726304
90980.12176213283
127074.12576886613
140082.77977407034
134624.0417266112
152937.82541302
92727.50949757539
128884.91484043407
157629.03428498478
114152.80056651658
107511.51740881884
117985.10712449043
156029.7771940526
133618.39154188547
119207.60853860807
133757.48058632232
148554.12416118445
185815.8147317925
145040.52469035724
138946.15381405345
140695.08548820482
123672.80994903081
106688.81671870055
150125.14854268578
122453.77719016657
110440.24078322577
114069.89178693439
140726.6794624981
119047.5136883997
145254.86459979188
149628.5944023286
120776.47256824777
121489.0657585874
153058.46854604044
110168.59391124964
127033.23058286803
144459.7156818749
155488.08003066626
122700.53446255668
113255.55862565596
122453.7771901666
150125.14854268578
162596.59690035623
117367.15123226486
106688.81671870052
106688.8167187005
135355.17725714197
162596.59690035623
122417.38117019748
134664.69504381984
129873.64568593726
167182.83775414928
132190.28517446175
119436.74155755747
127024.520779867
129873.64568593723
96525.67757740669
127573.67707207083
139661.38346443002
127024.52077986697
111647.73568775081
122417.38117019749
120023.83013668821
133371.22045878935
167182.8377541492
127573.67707207086
144969.94895980292
106593.94004465356
137680.25859179645
167182.83775414916
144396.44931050052
134664.6950438199
129873.64568593721
143182.13161217686
114475.92869555995
122417.38117019748
155470.52233414544
135474.39637860504
157691.02238746008
125437.38200380387
133002.73451054917
125852.15415760428
112200.06617306899
159841.14954433593
136982.5603132884
129126.9182171172
163796.17858747495
128083.41943296671
74740.85372084608
137611.90897339414
126407.70064961766
136467.1966045889
125437.38200380385
106851.7888673911
147327.87980676972
137190.32003895112
134364.9776011036
125437.38200380384
133217.72099517492
135474.39637860493
157691.0223874602
143013.1902823377
125285.8514001495
137611.90897339414
137433.3684594964
122017.99897595891
146580.58581401364
136242.16040916028
123573.90938794626
109168.960226179
137867.7342657395
129078.4090108302
124038.66311821961
122067.7338753393
135032.44955306008
123401.94584200025
123755.2898205646
133201.6644079987
107571.35686098803
121731.8127874994
136242.16040916025
123459.3137012103
121731.8127874994
108905.30808739725
123573.90938794635
136242.16040916025
133201.6644079987
122017.99897595888
146580.58581401364
146580.58581401364
134326.60390044432
133201.66440799867
147582.55644650682
125323.66681967897
128133.63636293961
147912.42621628437
141433.0370542463
130372.131498845
136060.90752973553
128133.6363629397
127606.65487061908
130224.01510615644
147912.42621628428
106953.37166017208
94815.9757124801
147582.5564465069
114049.97129007179
129866.95354175508
122761.79483545863
127359.40802434876
129866.9535417551
116491.71647686399
128755.61512403528
162391.06830496856
147582.55644650687
121431.61103164955
151764.7596792222
116012.59969843269
132327.70812886563
141030.2672761693
151209.37512703767
125870.2352754901
167145.5916870624
131607.1770043758
161030.19693855662
90449.15563142234
116585.72383068218
128422.47141799753
131553.349370601
98069.68155570059
131607.17700437584
148049.93718025857
120967.56446144325
135850.122636034
110871.63839549568
141215.45604467255
170987.20173135772
118943.07546544886
125294.00458959882
142733.84707788652
157803.9736450739
120619.06534277277
151209.37512703755
148800.42859746848
116340.43485273272
173204.01432916144
144676.79562230266
169504.13630733645
115234.27383960078
114522.84962987335
120020.35008793077
171254.7234873924
112646.56353924383
108104.84320561682
125240.75144364462
160003.73741126093
126865.31516820667
147810.28163972913
171254.72348739242
125240.75144364467
117854.75319022707
148927.84199715787
107605.60592696247
144578.16024042637
155481.44325879356
139083.02375613208
146651.15598313103
122664.83128175247
120496.80618514521
148640.40056350877
115234.27383960097
100208.64201244307
132229.16215577262
132229.16215577262
138500.5641440742
115234.27383960094
159204.09655633618
140005.5300401203
122371.20518832147
185920.7136483878
133253.17047889938
104059.1110208594
112247.32136833995
122371.20518832156
118132.40134672969
131573.9971792557
123379.73364879568
130489.288437988
124916.30804033062
159204.09655633612
105595.39143231093
133012.5714542336
137381.06135161608
111988.14811111575
121864.18788484338
108432.7901810417
149042.60970776452
126552.0195928428
149787.73363264225
125760.38374501964
97849.3127837114
144992.83448478417
108128.68514580936
120800.54526935804
162628.30172172093
116781.319392576
122166.05146087201
83279.30135906843
126914.68541151073
152321.07357555092
126622.07911105295
193175.67790904717
149350.941757535
145051.71429092583
107723.61568748139
142701.06695137534
92700.53611356344
122953.8896455423
82369.62645351807
113455.03653215388
92817.46729488607
124914.8979232412
129712.51481697273
140703.67401064
96581.31658862162
108053.07311017811
200683.35173022817
156262.9852882548
223651.93599256343
123785.66123391189
188084.35760766524
199786.24613109077
151482.60229071497
116552.47280693671
164213.0380152255
145836.84771255436
154626.0189180332
83751.71317738386
138467.00833199022
100878.48109049123
130833.86670601403
118494.90082719615
181757.69417467894
157568.19086114824
138124.09244197689
119662.50408261984
127902.06861256006
117415.4246901901
174589.09479103412
143208.70088831324
136608.47390451102
104550.23789278489
103285.7987123638
185358.62625604594
96594.79719638114
95901.24708944777
133123.99622199318
133123.99622199318
120450.7888739935
96594.79719638114
154954.5591656076
119204.98232714733
114299.875081242
131029.50829432652
113166.91964068369
96899.25142375057
117071.76302623295
114299.87508124187
135324.35175561951
131296.9589990403
136659.25022443384
117071.76302623299
100596.6385134956
154954.55916560744
120318.59528689369
137214.77327356054
157771.91972599525
149179.52812551972
117770.44359424773
128365.98552566911
131864.57926846872
157771.91972599525
117948.03890273509
112548.71026779481
147549.19788669547
102339.14949503096
120057.36218552805
154954.55916560744
134906.85482561289
137640.06376128545
159768.6461183404
121657.33424058973
137924.68987434384
107530.75429414763
114107.8852843312
125278.07777198519
131872.03042729874
119088.23959494501
113121.36977900975
98345.19139710261
127929.74187924013
186765.82985279756
125324.9449880196
140155.40199298682
97056.56724643224
129620.67060572392
115927.05449197901
100082.93758038065
131163.0785579068
97056.56724643226
179648.88655220377
153330.0927208046
135479.68389428742
168485.63217150065
153125.97959627927
186765.82985279756
139664.4120905342
124636.22239363298
120468.46630317296
142729.54230452012
119630.66037005809
120870.47332125744
138397.24621169758
148955.5894333278
118064.50866779177
127472.19096941932
137381.99759361063
131624.91703480756
115427.38475206356
130549.9962392529
109578.12171497359
121003.61793402527
154291.00284378734
142380.9570910702
121003.61793402524
104280.61649805747
119046.98602310705
154291.0028437873
130549.9962392529
134675.31147072083
132680.54911075323
132680.54911075326
110271.33981334235
130549.99623925281
131312.13271024532
122658.62061144784
134616.6941289616
153467.51297035732
119503.7173383696
106252.93144657266
120496.14801802732
134616.69412896162
121419.758868549
143661.82005804245
153467.51297035732
147952.7501679269
132190.1095169739
131312.13271024523
106052.22331076978
119294.44768535503
153467.51297035732
122318.81734854351
119294.44768535497
103564.63890526585
119503.7173383697
121282.99577243323
131312.1327102452
122658.62061144778
132840.5839636802
134616.6941289616
120493.75710685238
136012.14512522522
169641.58971870088
132789.62456739333
134746.8863126644
110572.59717763832
119342.411050226
120820.66142649075
121410.70506173687
136152.8408252307
140310.06943653995
137445.94662969443
110572.5971776384
103033.78076408798
97935.63589301948
161215.53567154644
127683.17684046376
129462.93916619873
110572.59717763834
139686.56802385265
130868.95522801939
116626.64561761403
125757.48947952822
155314.16089865434
169641.5897187009
132789.6245673933
157497.11236692558
136152.8408252307
145235.30329602992
159381.28943270375
146920.53787424852
129371.60962746333
139349.83676529027
158216.48977175026
153184.29531759437
116256.52711104229
127102.18029276487
114572.09207724863
119691.38393479037
123553.74188308803
158216.4897717504
127102.1802927649
110462.30353951549
139892.9598491136
112814.43931174671
125678.02946871858
158216.48977175038
123553.74188308809
120736.91228245603
115042.27749783042
135472.26759901247
133834.4338141299
146920.5378742485
129371.60962746327
114572.09207724861
114572.09207724861
109821.34379947983
146920.5378742485
119392.68264096206
115156.61618891946
114685.54324262537
140540.59654296027
122316.2995190194
112420.96557173002
136452.47936101657
114685.54324262559
102227.77310532324
143730.8301328287
174827.1433510899
117086.92143354569
98775.49336231829
119392.68264096204
133588.34773848878
148575.71119813737
174827.14335108994
144275.27511796428
119581.7246534142
110831.04157865944
122316.29951901929
170306.14789656975
143911.28632004006
129860.75053204276
145920.73801541486
114685.54324262557
120321.2609086846
140994.88504067698
132127.1623333106
169121.75502331828
184401.9775076629
137344.39488750012
128755.09371673004
108889.08016708426
130144.53319061609
176210.22308265636
130163.64305740716
116620.86064977296
90472.03285119926
105457.10228285914
117903.61741996928
172459.26265407974
142340.88592710198
144780.82688959932
90472.03285119931
112947.17089825512
124934.16301023969
96129.6653523352
122269.9656924957
106858.43728205992
162506.17420013552
159132.56090347352
125825.15139094544
176210.2230826564
122130.96322167278
158314.08593915275
128567.96204496225
125090.47181471216
112239.96236698562
129366.99677804866
133206.70704686135
135036.3246230825
113785.67729811043
151193.96593226024
121164.1967759949
115006.86512708152
155388.07909144764
147430.65987940895
96438.84532001754
143267.3616379713
97447.54772942715
133056.7694466164
155388.07909144764
115006.86512708159
117714.47568887901
114287.05241611566
122755.69970067785
133130.9519981362
110219.86527100654
128077.01421297058
151193.9659322602
151193.9659322602
110645.03398109505
110219.86527100657
120109.97969766126
126504.99890229589
151202.97127305204
135958.32890766053
126102.87992074071
110017.71749342768
121991.93480824046
151202.9712730521
125391.25352953958
119326.90084499029
147257.41784605314
121991.93480824056
109350.92107473637
120109.9796976612
120521.08105539232
147154.28054513468
147257.4178460531
121384.13052650433
134439.96538951594
113021.75372518919
126102.8799207408
147257.41784605314
138916.72157565277
119427.22218416088
133084.40958223268
151202.97127305207
125391.2535295396
120109.97969766124
151108.30515816173
136086.97327797848
141778.1798204594
155023.480688979
123878.49247041436
116328.74355546907
135513.69128064782
157707.88337554387
132377.9549197779
136957.41222986535
122556.11634060912
148527.82034363816
125924.50761127853
135939.00896538518
101325.44180573041
111325.09676794437
122556.11634060915
126057.81969483817
124682.35901438378
118679.36771219036
109369.66414106727
122556.11634060915
136736.9004933373
135136.830934741
163974.2007970963
157707.88337554372
132377.95491977793
135939.00896538515
139520.09479228
120529.32023633603
139280.9187348667
135684.37605339917
128478.42173267796
116234.89951778392
125021.15941888596
126487.71956902105
127837.66527058271
123530.08991899001
153336.04922021367
132918.9473169872
112796.29691810724
135762.13368272613
109669.6470880237
124657.24013221805
153336.04922021367
123530.08991899
124657.24013221805
113788.32471828067
141713.60036640975
153336.04922021364
135762.1336827261
111416.08908676729
126487.71956902106
126487.7195690211
127837.66527058274
135762.13368272607
