15519577547.386646
52258040479.399445
184444399925.76263
1334609254.4163399
9580084305.61749
21142772955.39769
182603147924.85257
156831603743.36038
46900693708.75721
10273136110.861675
1692608786.6533613
56070047907.542656
24052488422.43661
15596693405.08105
22239229912.92973
51585965430.16743
1692608787.415823
10311071805.944223
40675144410.55749
22468216256.864513
9613146104.299591
1334609254.4163399
39450064950.0238
37866983794.25597
184444399925.76263
156831603902.3165
12489015853.782906
39647191999.89688
39450065047.66492
37866983887.97886
184444400382.27283
1334609257.7195723
10248322248.973484
22414877017.705963
182603148376.80554
156831604290.4835
12489015884.693916
9603280157.549597
1692608791.0968165
56070048050.204926
22614925020.95672
39647192098.025894
20977094290.520622
51585965563.20811
1692608791.0968165
9636422007.349346
40675144511.23074
23896453763.960014
10286166339.692715
1334609257.7195723
15528068965.540728
41312294165.20106
184444400382.27283
233920311764.36533
58631118882.11528
15605227072.16629
15596693429.463022
54229374628.894264
184444400214.10052
1334609256.5027053
9613146119.327612
21723220055.571793
182603148210.31207
156831604023.85538
45329661103.82553
10311071822.063297
1692608790.0618412
56070047987.42416
23429827115.80639
15596693373.636625
22887584841.719524
51585965514.385666
1692608789.5535336
10311071796.000639
40675144474.14405
21920484326.214638
9613146102.464195
1334609256.5027053
39647192061.87647
17470242521.966217
184444400214.10052
156831604023.85538
15716207427.543673
14202041091.043554
39647192117.85199
17470242546.631416
184444400474.50665
1334609258.3869612
10286166344.836447
23068352729.219437
182603148468.11862
156831604245.2766
15716207449.732454
9636422012.168167
1692608791.9432278
56070048084.07216
22063616589.342308
14202041111.094574
21552992885.053696
51585965605.091965
1692608793.213997
9636421999.238607
40675144531.57088
23277831850.44756
10286166344.836447
1334609258.3869612
15605227079.969889
42870721151.932236
184444400474.50665
233920311986.7132
56667152332.794716
15605227079.969889
15596693393.58274
56108852745.76259
184444400449.98062
1334609258.2094948
9613146114.758142
22266022913.53804
182603148443.83743
156831604401.04025
43681847221.70041
10311071809.187141
1692608791.7181573
56070048096.04531
22766111620.694443
15519577418.202438
23495835697.705772
378080243176.7021
1692608792.480619
10273136058.768307
40675144526.1622
21334766295.46191
9580084292.356388
1334609258.2094948
14202041109.206093
18795231443.18279
184444400449.98062
156831604401.04025
15142265806.218624
14131428076.457481
14202041113.92103
18795231449.42262
184444400511.21436
1334609258.6525722
10286166346.883575
23681407630.91677
182603148504.4599
156831604453.10684
15142265811.245708
9636422001.156425
1692608793.5508559
56070048143.80341
21474074031.661884
14131428081.148977
22091542215.566643
51585965615.35848
1692608793.5508559
9603280127.62332
40675144539.66595
22618422071.831875
10248322256.036919
1334609258.6525722
15605227083.075603
44356531903.38955
184444400511.21436
233920312033.26746
54607200565.08178
15528068976.190506
15473120130.996449
16068001976.436235
100071766482.08456
1080026902.7451723
8913817830.173904
19314252683.69216
35777410974.033035
123801210317.06917
45223624643.832245
9586728302.811272
1336127483.938236
44261103112.83828
22033150187.139053
15550005156.820768
20344026836.434746
40721415841.35615
1336127485.0539804
9619855297.579212
32916188848.825386
20550167991.001957
8942520187.06982
1080026903.2316868
21203302929.753487
16139124111.025633
100071766583.51195
123801210379.09789
15679492731.847363
21309253201.676643
21203302967.119507
16139124139.467188
100071766759.86578
1080026904.8106468
9563572325.320704
20504705386.459934
35777411039.56207
123801210597.26949
15679492759.478916
8935400557.550453
1336127487.4086025
44261103223.25005
20684352743.32055
21309253239.229378
19162902786.780396
40721415920.96567
1336127487.4086025
8964172383.203945
32916188910.254467
21890215349.460793
9596619350.232792
1080026904.8106468
15481586171.373947
36147689503.94791
149260852015.01123
184654221527.1781
56534594691.564026
15558513307.737844
15550005177.621582
52138469774.47512
100071766638.48721
1080026904.676409
8942520199.031982
19853773591.786266
35777411016.93257
123801210327.60283
43581899964.80564
9619855310.447426
1336127486.841281
44261103197.63324
21444680214.417507
15550005133.889894
20948380618.677525
40721415895.04333
1336127487.8454506
9619855280.341959
32916188895.137634
20034061853.851753
8942520203.596992
1080026904.3520658
21309253230.181442
16793786326.333727
100071766638.48721
123801210482.67462
15107668368.00971
14159527717.325653
21309253250.54164
16793786342.37957
100071766734.10208
1080026905.3839917
9596619355.32727
21113832466.301357
35777411062.27412
123801210600.9621
15107668382.444529
8964172387.96268
1336127488.1179016
44261103239.92308
20164876560.26979
14159527730.854559
19698195846.97798
40721415928.45806
1336127488.1179016
8964172365.257107
32916188937.99367
21305563021.665615
9596619376.392086
1080026906.1948493
15558513315.997263
41217768506.85943
149260852161.48492
184654221417.03802
54482255115.75747
15558513315.997263
15550005144.741262
54102519191.9097
100071766821.01811
1080026905.105749
8942520209.837414
20365235309.80897
35777411065.45422
123801210569.0677
57984284201.93332
9619855287.055052
1336127488.7778502
44261103243.02021
20826008280.587166
15473120041.767746
21523231405.274235
298452547478.7392
1336127488.7778502
9586728230.759556
241247024662.59915
19489641724.989418
8913817869.513098
1080026905.5922635
14159527727.206697
17429430169.91947
100071766821.01811
123801210569.0677
14518735078.37572
14089126082.299988
14159527727.082737
17429430169.766884
100071766820.14204
1080026905.9071512
9596619373.835733
21693223548.306126
35777411083.736946
123801210567.9839
14518735078.248611
8964172362.869226
1336127487.7619832
44261103245.19153
19616901500.679794
14089126082.176645
20205649593.767616
40721415941.15243
1336127488.877727
8935400501.203444
32916188929.225445
20690904638.158737
9563572378.405956
1080026905.9071512
15558513311.85278
42770436582.287895
149260852121.72476
184654221599.14526
14454753657.06368
15481586175.660707
15814580897.380362
15596439355.684109
80981283484.2279
873992413.0850935
34502251567.71778
57602727385.941505
28952228571.316383
97750569966.4627
44154818405.17475
47781464045.49663
1054975333.7744843
34947542455.16463
20195460242.24095
15893162588.740131
18633168539.347107
32152687367.75261
1054975333.8712734
9013470844.098759
26636835873.270317
18820309870.452168
8358155035.5560255
873992413.8149279
40199950352.20177
15661986841.33475
80981283524.80234
97750569926.10602
15305655177.947113
21779505794.901443
40199950423.25276
15661986869.016367
80981283667.93188
873992415.3596569
37109248715.89617
18780334560.290787
28952228643.688896
97750570098.87427
15305655204.998936
44424722834.17445
1054975335.0583544
34947542536.16994
18943199370.13427
21779505833.39541
57305343614.04741
32152687407.5621
1054975336.0262454
8378392369.107711
26636835925.48239
20064446873.11638
8991699538.928802
873992415.3596569
15823233768.999962
35086829770.463646
120786669385.7948
145798698954.00723
55198467042.34023
15901858532.796053
15893162605.193174
16270402317.299444
80981283466.62587
873992414.7197092
8358155044.20862
59222283775.059395
28952228618.026318
97750569986.9434
58714682650.58143
9013470853.429754
1054975334.9634131
34947542521.67958
19645405608.812298
15893162637.713442
19190747068.420395
32152687401.03795
1054975336.1248814
9013470844.916052
26636835900.332195
59189801967.25535
8358155057.258018
873992415.3765601
21779505817.448193
16341750057.035704
80981283568.06198
97750570121.46577
14701017189.92616
14472000152.675695
21779505843.55493
16341750076.624292
80981283665.13292
873992415.7673497
8991699543.123177
19342316939.210217
28952228652.730885
97750570238.63779
14701017207.548033
8378392373.015995
1054975336.5183616
34947542599.82619
59319456331.02107
14472000170.023046
58916538460.861115
32152687421.198948
1054975336.5183616
8378392338.520771
26636835928.66819
19517960729.7887
8991699571.130795
873992415.7673497
15901858540.213821
36603023448.83198
120786669305.97212
145798699202.59885
14636832785.972036
15901858540.213821
15893162657.78739
52823870576.677864
80981283670.34584
873992416.4804611
8358155067.814832
18650944273.588005
28952228664.079338
97750570110.40778
56282565965.02589
9013470856.300568
1054975337.457374
34947542585.05791
19074617170.495346
15814580812.944727
19728071504.677708
235651223203.71695
1054975337.6509522
37302652384.57153
195224830988.46118
57571134132.44567
44414359732.37997
873992416.4804611
14472000170.954638
17013869709.014135
80981283670.34584
97750570244.93019
14089503048.051214
14400044878.401539
14472000175.052568
17013869713.831831
80981283693.27672
873992416.0710922
8991699574.25572
19883885329.363194
28952228673.9513
97750570272.6095
14089503052.040836
8378392341.432551
1054975336.885002
34947542611.971664
57697242506.60073
14400044882.479095
18504792099.804325
32152687439.180496
1054975337.8528928
34682068158.44249
26636835953.324627
18950875199.841347
47770317945.022705
873992416.8009266
15901858545.740267
41759608398.01767
120786669499.2455
145798699052.62378
14030536616.506529
15823233782.04385
16561032840.132532
15253306238.445164
65513228867.539795
707053068.9988778
32242916207.729885
52564040717.99031
23422127850.59749
77223502268.91986
60128365695.420135
44723833312.61357
833436471.0027053
27608755881.75647
59202881135.71006
16643323686.649124
55547500726.983795
25400804591.083073
833436471.1687396
44850422849.09136
21548993186.973
55421849269.865585
32327615354.472126
707053069.0637466
22694103819.287365
15313158729.937954
65513228840.49242
77223502257.38176
15053518216.556095
22807503463.211315
22694103836.59512
15313158741.616602
65513228890.45636
707053069.1489013
34734554088.09197
55835762452.49436
23422127881.35369
77223502316.27658
15053518228.036726
41515627513.27465
833436471.804363
27608755937.082306
55543250320.914604
22807503480.605553
52292670263.954124
25400804609.28734
833436472.6345326
41624684845.48197
21548993192.00153
59073480790.71853
34832869611.20549
707053069.7975898
16570094238.054722
34314893982.16518
97715476511.72849
115181795438.54259
14989246137.918274
16652430110.578
16643323704.88034
15955572156.060505
65513228885.20867
707053069.8382576
32327615389.88403
54028899455.80816
23422127896.58588
77223502261.20607
57578561600.82543
44850422898.22084
833436472.0816919
27608755937.384403
57585854240.57661
16643323560.592653
57194711143.54907
25400804615.987904
833436473.1609117
35014409424.50346
21548993210.577915
53999266081.379776
41614974840.3149
707053070.6166831
22807503488.194817
16021074605.35415
65513228975.36667
77223502376.58728
14412538014.86184
15155081911.143871
22807503464.82062
16021074588.935005
65513228908.225655
707053069.3082427
34832869587.09787
57491521398.04974
23422127896.880554
77223502297.44504
14412538000.091196
41624684816.67379
833436472.0577164
27608755953.513588
54117550696.069626
15155081895.612234
53749965919.24128
25400804584.701096
833436472.0577164
32496098406.488834
21548993176.175137
57459988612.81345
44839960521.83249
707053069.3082427
16652430099.052954
35894759998.02084
97715476565.12683
115181795427.6641
14353612092.128807
16652430099.052954
16643323545.484577
16662147227.92375
65513228825.73864
707053069.9748515
41614974802.538666
55452263563.68905
23422127888.21752
77223502306.4872
55044308250.412476
35014409392.718925
833436472.4043547
27608755943.419147
55927378452.03607
16561032842.06246
58800754430.2509
25400804615.701298
833436472.6534055
34915581666.92931
157935370518.7911
52535211205.917465
41505943120.04208
707053070.1045892
15155081897.386755
16733592639.929895
65513228915.89665
2085375105532.9763
13775697806.704666
15079730470.796095
15155081869.605888
16733592609.25545
65513228795.80397
707053068.094929
44839960444.88645
59105899378.40032
23422127856.687836
2085375101710.2632
13775697781.452354
32496098350.725044
833436470.6275269
114031970537.44748
52650288373.44398
15079730443.153355
55165981408.93734
25400804558.62918
833436471.4576963
32410957937.60089
21548993143.759098
55805138164.21532
44713400459.63695
707053068.7436173
16652430070.477135
37484320183.82008
97715476262.97157
115181795230.01047
13721854555.482258
16570094197.616497
17749798708.30038
14942219736.277157
52970670658.46724
571687213.3887613
29945550554.454815
47591627169.57551
18937943399.792374
61055734545.92786
59219286634.65798
41547034910.17282
658945456.8470095
21828495502.71687
53455131636.758965
17837996466.430187
50223636381.16626
20082808184.59196
658945456.8470095
41648924509.53482
17423421820.067677
50118113570.33159
30013692884.694843
571687213.5026509
24323107263.246857
14995791119.570044
52970670650.552795
61055734643.86727
14820771982.496325
24444646838.588184
24323107352.016617
14995791174.298775
52970670843.874886
571687215.5890837
32267308435.547344
50484269991.41055
18937943492.415493
61055734866.69666
14820772036.586304
38557564735.29304
658945458.5472252
21828495593.15614
50227897015.86526
24444646927.801514
47345927833.69794
20082808243.01792
658945459.2519009
38645303689.18361
17423421882.855286
53338294045.50814
32346440875.460526
571687216.15853
17759510405.57879
33615052195.17991
79007773415.83472
91066954273.92982
14762624047.804625
17847756418.68221
17837996477.224537
15667899252.909382
52970670627.20586
571687213.8485972
30013692902.857098
48880593786.08776
18937943428.66499
61055734582.87463
56540442609.590034
41648924534.73794
658945457.2457587
21828495542.860653
52022297117.28918
17837996478.142017
51668943587.63944
20082808186.83247
658945457.9504343
32515022176.085484
17423421828.608624
48853784335.3465
38636288707.479225
571687214.588877
24444646853.38043
15726810721.5408
52970670706.35042
61055734680.814064
14147818624.008615
16242927488.036203
24444646917.47165
15726810762.774801
52970670845.2338
571687215.9169453
32346440861.791504
51937077970.257286
18937943508.79037
61055734840.895615
14147818661.102669
38645303672.8528
658945458.9734426
21828495600.092613
48960797854.52998
16242927530.623404
48628239499.7658
20082808234.5313
658945458.9734426
30170116509.942318
17423421870.686424
51908591684.452805
41639208857.98989
571687215.9169453
17847756411.140076
35247591063.935326
79007773429.66626
91066954235.4466
14094821899.954458
17847756411.140076
17837996527.015015
16410232673.52816
52970670851.480804
571687216.1552001
38636288813.33591
50145617414.94525
18937943501.882145
61055734750.15668
53921696826.086586
32515022265.170963
658945459.7558297
21828495602.666916
50567105282.02225
17749798579.285816
53092045533.446815
147189510541.30374
658945459.7558297
32435477253.551075
17423421891.965378
47565525061.81939
38548570163.3748
571687216.326034
16242927532.538984
16474870254.477423
1430441705151.461
61055734750.1567
13490194285.058739
16162166998.096968
16242927539.621971
16474870261.661552
1430441705775.228
571687216.2336595
41639208881.057976
53367565393.30894
78219062994.81648
61055734776.78101
13490194290.94135
30170116526.656536
658945459.3384978
21828495612.185577
47669716357.34447
16162167005.144735
49886731711.142334
20082808250.613277
658945460.0431733
30101619078.167793
17423421892.354076
50456580812.895035
41537342852.06838
571687216.8031058
17847756421.027718
36917595641.11263
79007773473.43655
91066954285.8976
13442001558.361963
17759510408.48678
19440316529.759274
14561009461.000528
42797296113.1775
461890828.9097863
27486669704.787037
42570882702.32302
15300783664.017748
48320540827.879326
57942550618.03996
38078411668.33054
521500577.6393529
17275440472.915817
47559916593.293724
19536914375.21853
44804496037.58891
15893874011.748093
521500577.6393531
38156524704.54936
14077136161.773535
44724430107.29688
27539069180.335423
461890828.9097863
26639676985.558113
14607440061.112886
42797296181.828575
48320540910.24014
14495155332.716772
26772792172.5893
26639676925.17296
14607440028.001656
42797296084.81834
461890827.3688553
29573418538.231613
45037007134.55647
15300783636.886877
48320540800.71015
14495155299.86006
35391536522.36628
521500576.4572477
17275440447.347122
44822398633.484276
26772792111.902405
42351103672.977486
15893873984.056416
521500577.0498351
35459005170.35309
14077136119.442305
47455964219.032974
29634085011.869434
461890827.86280096
19450953533.271313
32757455464.29694
63833797334.73435
72071927218.58578
14444349939.9074
19547604236.017662
19536914369.115433
15294865255.797379
42797296099.80813
461890828.7654972
27539069171.732555
43665805376.35628
15300783678.117943
48320540812.784584
55194282213.64287
38156524692.62973
521500577.4764427
17275440481.109383
46340201190.89964
19536914368.454407
46025442431.7456
15893873998.447477
78651331930.65016
29788530202.261787
14077136150.427975
43641855889.24843
35450733650.5846
461890829.2594428
26772792164.225803
15346102221.411856
42797296168.45923
72071927236.5953
13805333666.692904
17789928826.354156
26772792044.53564
15346102152.80573
42797295977.13008
461890826.7005729
29634084937.30297
46264289924.98317
15300783609.71442
72071926914.39131
13805333604.974922
35459005081.12973
521500575.73761463
17275440426.5283
43737452607.47996
17789928746.822685
43440373166.83792
15893873935.72805
521500575.73761463
27682595768.54384
14077136084.02086
46238915054.81329
38147623647.70814
461890826.7005729
19547604186.831203
34408388278.55784
63833797174.11321
72071927160.07982
13759241128.593771
19547604186.831203
19536914288.84333
16056436842.24563
42797295925.4132
461890827.37728137
35450733506.12622
44748973855.17989
15300783615.768698
48320540615.88294
52546030794.123116
29788530080.876343
78651331610.15343
17275440419.773727
45110904374.77436
19440316702.38034
47236872743.19412
116488266971.1218
521500576.5365514
29727547635.18072
103173159172.18958
42547534282.64042
35383280618.54289
461890827.37728137
17789928753.861877
16112912571.008808
42797295925.413216
48320540698.24373
13140834276.016346
17701476650.760746
17789928724.181087
16112912544.12596
42797295854.010025
461890826.11271524
38147623599.1569
47482007220.13888
15300783590.240805
48320540617.62554
13140834254.092121
27682595733.311646
521500575.07389045
17275440413.601627
42640733669.48089
17701476621.22753
44517949377.40432
15893873919.667374
521500575.6664776
27629923183.381744
14077136069.578625
45012305637.54876
38069528807.06888
461890826.60666084
19547604161.952576
36121672309.94329
63833797092.87066
72071926945.50812
13099065353.943188
19450953459.572433
21717111940.736683
1074767660904.3086
34547013434.2176
372849458.07692975
53295400414.83882
180378567815.68927
12351162960.401037
38283780568.74102
608311852634.5414
87600667347.41197
413178605.8412348
13687122726.491219
198465088421.62012
21825023055.053818
194748145449.01215
12592524316.547226
413178605.841235
87745392419.79277
11363405077.801186
193106277945.00848
53377506010.78488
372849458.07692987
29759641325.06303
266649279761.57138
34547013493.101875
1033830900997.5688
13971070767.801828
29908347098.515682
29759641297.84446
266649279517.69034
34547013461.50471
372849457.7359163
57147753858.29163
190079982472.894
12351162958.820873
1033830900052.013
13971070755.023697
81695470254.76057
413178605.46333575
13687122732.86399
187854323434.00592
29908347071.161102
184808475587.82028
12592524311.982096
413178605.95757514
81821327506.20006
11363405073.36761
204013692286.24225
57242168364.12412
372849458.1595897
21728994461.40642
565270519954.9161
51528186534.29636
57101717167.45341
1170061691805.633
21836964620.22771
21825023011.62625
1129707633466.4333
34547013365.47574
372849457.3350316
53377505904.57398
184675245785.18457
12351162945.540995
38283780492.56374
578772706022.1893
87745392245.19644
413178605.0190896
13687122718.1477
193726618070.52072
21825023379.05345
199642881946.79602
12592524294.966627
413178606.0075683
57469625153.164635
11363405049.230656
188736675283.55325
81700762091.16763
56232164825.06203
29908347039.003864
14774018556.37792
51528186391.06552
38283780561.255646
13290687951.49281
19873435149.332302
29908347068.908463
14774018571.150087
51528186442.58725
372849458.13150734
57242168359.812744
194857392110.86142
12351162974.084572
38283780599.53463
13290687964.781832
81821327500.03741
413178605.9264553
13687122743.167822
183603560892.62308
19873435169.203243
189210674168.4497
12592524304.08148
413178605.9264554
53589606187.18428
11363405066.552185
199142747672.23727
87616097292.15315
372849458.13150734
21836964618.58299
594166014515.7367
51528186618.243484
57101717060.69595
1113244416575.268
21836964618.58299
21825023400.427536
1187365152613.216
34547013399.308945
56232164880.13235
81700762171.18034
188950820963.87973
12351162964.114552
38283780598.748405
550625819204.6428
57469625209.446846
413178606.41221
13687122750.44323
188976933357.02197
21717111918.79224
204526058109.4937
92292246583.59044
413178606.4122099
57374835587.93124
83283872005.99387
184345504396.54956
81575090496.88875
372849458.5475237
19873435168.79512
15530336528.286884
34547013458.19321
38283780598.74842
270534276457.55682
19774623807.700153
19873435215.650276
15530336564.902416
34547013539.643936
372849459.00290936
87616097496.92438
199623519256.0615
12351163009.428572
38283780689.00925
270534277095.3895
53589606312.430786
413178606.8921123
13687122782.713047
179331817054.64157
19774623854.322346
193591251620.73395
12592524343.940248
413178607.3863518
53507174787.36404
11363405096.089844
194260274269.86353
87471585745.253
372849459.4265825
21836964669.61907
624490797689.2004
51528186650.843994
57101717296.60738
1059105092253.7609
21728994510.55357
24694024915.335903
251196796995.41547
27860224860.83469
300682134.7163922
47228247645.19849
156348061249.35446
9960518820.057228
30366472028.100086
574060071311.095
77232677651.22406
327730866.66619474
10856546124.928207
170367828211.0421
24816728143.42663
167979589714.59988
9988317035.194181
327730866.66619474
77331573472.93375
9163947599.025526
166658054076.48105
47284931376.08948
300682134.71639234
33838999490.561226
251769613725.5099
752348930590.9681
30366472084.984093
281983658935.9616
34008088085.682617
33838999247.925076
251769611920.24347
752348925196.3922
300682132.5604076
50384023160.22991
163953075582.60623
9960518762.384888
30366471867.247044
281983656914.0511
72395250694.9504
327730864.31626225
10856546062.72726
162125416723.08716
34008087841.83405
160187803979.2517
9988316969.331951
327730864.72554344
72482139387.99652
9163947538.376465
175130900549.1375
50448540098.33246
300682132.92008
24707536619.74304
655884625322.1793
41554586476.02869
45292749587.12869
1104179867438.6365
24830306989.3333
24816728145.54905
263854951390.22165
27860224863.217422
300682134.7421078
47284931380.13346
159711519270.12674
9960518834.65677
30366472087.58112
608984405839.402
77331573479.54744
327730866.69422346
10856546141.500568
166682654600.1701
24816728149.485542
171773015620.69968
9988317036.048414
327730867.10350466
50649002171.751465
9163947602.33891
163223938948.41724
72375335779.26459
300682135.46145266
34008088088.591118
264487020272.30545
27860224913.206524
30366472087.58112
268340516710.29935
22597622791.91004
34008087962.310844
264487019290.20105
27860224809.754757
300682133.9852743
50448540277.05107
167655573514.58035
9960518805.919552
30366471974.82305
268340515713.886
72482139644.7712
327730865.8865604
10856546116.831442
158784699980.00327
22597622707.999596
163633864073.80557
9988316998.959372
327730865.8865604
47472822043.26806
9163947565.781298
171342700163.53604
77217624068.05302
300682133.9852744
24830307077.29696
688935556034.5635
41554586548.678955
45292749747.58243
267699237786.31668
24830307077.29696
24816728050.20006
1120509027255.8667
27860224801.74477
300682134.25849915
72375335489.7091
163071735872.6304
9960518808.554922
30366471966.092514
579769048944.9814
50649001969.11756
327730865.79233605
10856546104.323807
163001642636.8473
24694025338.341526
175570730627.67972
9988317013.359009
327730866.2016171
50584228763.66432
67163762226.78885
159786511675.71045
72288575259.09273
300682134.2584991
22597622701.502644
277934242133.2434
27860224801.744778
820028654665.7084
255437817941.77795
22485267066.963047
22597622609.734303
277934241004.5598
27860224688.605152
300682132.6777644
77217623732.2738
171362256817.39102
9960518768.105516
820028651335.5939
255437816904.4518
47472821836.83349
327730864.46142954
44840605853.55193
155440759919.95197
22485266975.650978
167076603267.02695
9988316964.161049
327730864.8707108
47415913155.96821
9163947533.52101
167558776640.53564
77118873281.5923
300682133.03743696
24830306969.32289
589328040498.1548
41554586442.54038
45292749550.62785
254856659080.90408
24707536599.831566
28519901500.92039
231827842405.85406
22445560223.187904
242244238.90752122
41041987396.71142
459268667412.14496
8024681287.882211
24113675479.08317
588101401733.0773
66688875953.40118
260247412.05365443
8621061745.538166
143762175020.78598
28661616053.047504
459166933797.24896
7931610733.8186655
260247412.39052063
66752700802.1782
7382924540.403765
141467429371.49313
41079040931.70508
242244238.90752122
39081717753.01593
232250085722.6998
22445560265.234055
35966465648.99915
259037042126.6685
39277005331.91356
39081717834.91407
232250086209.39413
22445560312.270107
242244239.41515875
43505598994.15017
478984608302.0065
8024681316.261679
35966465724.369095
259037042669.49652
62912454506.85739
260247412.93588477
8621061776.480083
137619908054.49036
39277005414.22094
440266730886.16486
7931610755.17833
260247412.93588477
62969252465.489586
7382924560.130538
147781419099.13263
43547236468.16417
242244239.71768138
28535506265.95428
605311526355.3828
33478408259.306572
35966465724.36908
258519419332.42603
28677297595.82148
28661615801.128525
242980463057.26834
22445560067.95058
242244236.77833486
41079040570.64414
135889034186.75554
8024681228.913175
24113675313.957317
560805519521.0331
66752700215.460686
260247410.1030968
8621061674.914415
485411684308.6915
28661615803.022842
468261241948.9354
7931610666.473653
260247410.1030968
43720274998.39046
7382924475.512136
138877543097.178
62876465346.73692
242244237.08085752
39277004986.69147
243444347707.25833
22445560067.95058
24113675313.957317
246991258138.8159
2429757702866.045
39277005330.325485
243444349837.14987
22445560264.326504
242244239.20024914
43547236375.14753
488471432699.316
8024681310.684264
24113675524.92756
246991260299.7393
62969252330.98763
260247412.37999785
8621061752.915165
135100459857.57448
2429757724123.9644
139226325476.79822
7931610740.605706
260247412.7168641
41242271940.29182
7382924540.105249
466495434205.3254
66654339409.98871
242244239.20024914
28677297534.56694
634431450480.4358
33478408187.79688
35966465577.71206
246520613188.90527
28677297534.56694
28661616053.978825
254806960063.28394
22445560264.479897
242244239.20190477
62876465897.27202
138423189262.89764
8024681303.801153
24113675525.092316
535064972455.5635
43720275381.197365
260247412.38177663
8621061758.124466
475984288287.2255
28519901511.21599
148152561931.95636
58131805456.52767
260247412.71864268
43678472283.00527
7382924552.921916
438606485665.1624
62819751759.20603
242244239.50442737
2429757724140.569
255317150444.06274
606129108691.0538
24113675525.092335
235633897210.2953
25968937555.105328
2429757727288.87
255317150774.88394
606129109476.4313
242244239.51578686
66654339496.81
144601309156.34378
33144203498.414223
24113675556.337055
235633897515.61234
41242271994.01236
260247413.05585206
8621061777.020578
456391847000.92596
25968937588.753963
141822715000.8542
7931610750.937105
260247413.05585206
41205071467.70876
7382924556.105057
457435417782.3082
66590608762.8232
242244239.81830955
28677297571.92085
665310896018.4862
33478408231.40452
35966465694.393394
235205503147.85544
28535506242.17182
33386034603.01245
208608007523.3653
18065925281.784447
194976925.23138535
121205943474.1213
386097274274.4419
6458885020.644908
28591056104.397182
525543680244.0942
228164446703.76987
206880165.97860116
28305640340.72237
411471163035.38763
33551929062.470627
383848618530.8226
6305126836.948058
206880165.97860116
228322444375.46567
5942349477.401842
380831903022.1825
121285682587.386
194976925.48376492
45749936000.541245
208899949926.4205
26946015825.265247
28591056104.397182
526346585130.14764
45978542797.473564
45749934599.70295
208899943530.01703
26946015000.19281
194976919.51367673
127575650828.08073
400415541117.7737
6458884832.523984
28591055228.954502
526346569013.6998
216772445784.282
206880159.64404237
28305639474.01897
396274514020.55786
45978541389.63545
370122743176.12573
6305126643.888485
206880159.64404237
216915055095.26685
5942349299.000382
395436325961.93835
127663993495.13867
194976919.51367673
33404305227.150276
544683628894.207
26946015000.192802
28591055228.954502
231020106556.1997
33570289355.234875
33551928598.03464
217878704677.43872
18065925066.78741
194976922.78483513
121285680908.51276
392426366953.2912
6458884935.097717
28591055708.6311
502869974307.83
228322441214.9571
206880163.1149031
28305639948.9071
404676074123.80975
33551929720.663586
390378162834.3394
6305126749.670578
206880163.1149031
128162595804.19746
5942349396.921072
374771371150.42535
216522665498.7087
194976922.78483513
45978542161.02461
218197189199.59018
18065925066.78741
28591055708.6311
221376255016.4269
30551725936.9575
45978541281.71775
218197185026.72437
18065924721.289467
194976919.05604014
127663993195.49445
407226905499.1158
6458884813.50547
28591055161.847527
221376250782.76373
216915054586.13858
206880159.15846732
28305639407.581898
389968232382.81415
30551725352.677505
376189976138.54694
6305126629.08952
206880159.15846732
121759368987.54266
5942349286.827941
388906043581.0198
227909411027.83133
194976919.30841976
33570289276.440975
568889780890.475
26946014884.62829
28591055161.847527
221053129563.20184
33570289276.440975
33551929078.1839
227702548186.54636
18065924720.846336
194976919.05125815
216522661352.5563
398772392729.1856
6458884817.205713
28591055161.146267
481472949816.5162
128162593350.03566
206880159.15339318
28305639406.887646
397907367986.34686
33386037942.300304
396933158302.03314
6305126628.934875
206880159.15339318
128073906245.4447
43552249849.74548
368727012128.4158
216380312152.41876
194976919.30363762
30551725351.92816
228050423136.58923
18065924720.846348
28591055161.146267
211943552201.30875
30399822191.319557
30551725083.209072
228050421130.7613
18065924561.946686
194976917.58870918
227909409017.65375
414064819885.35876
6458884766.184285
28591054909.67234
211943550337.1496
121759367913.61618
206880157.3337693
28305639157.924103
383678777916.4101
30399821923.936535
382273441603.3735
6305126573.477845
206880157.3337693
121679318054.66803
5942349234.415988
382401114592.0139
227751698214.006
194976917.58870918
33570288980.348587
594540220227.124
26946014699.281128
28591054909.67234
211647358572.45148
33404304854.117565
