65694657640.57563
247526217599.65347
120655133194.6392
10113249925.658262
33266953064.857544
112633862766.32436
45962492472.25476
133689898276.60854
239851878680.0954
39721419280.61879
11205817092.142117
50927969498.34323
124643552540.21835
66021090722.01947
118128363895.71452
51141612284.94683
11205817092.142117
39786939147.47342
46155305087.16451
117427038550.61926
33318123152.248207
10113249925.658262
66597475818.82583
769681084824.9297
120655133194.6392
133689898276.60854
14911475458.908913
66930255210.79995
66597475818.82583
769681084824.9297
120655133194.6392
10113249925.658262
35670555478.55969
118688148498.48058
45962492472.25476
133689898276.60854
14911475458.908913
37044855992.560196
11205817092.14212
50927969498.34323
117983499725.23636
66930255210.79995
112102632791.60237
51141612284.94683
11205817092.14212
37101837120.79332
46155305087.16451
124055679678.19527
35729393508.21504
10113249925.658262
65694657640.575554
217106047024.11066
120655133194.6392
133689898276.60854
273459118839.10687
66021090722.019394
66021090722.01948
260179314984.93936
120655133194.63922
10113249925.658262
33318123152.248215
115315222391.76878
45962492472.254776
133689898276.6085
228204119715.439
39786939147.47343
11205817092.142117
50927969498.34322
121669326482.74376
66021090722.01948
121095481356.20346
51141612284.94682
11205817092.142117
35729393508.21475
46155305087.16452
114771345966.22795
37101837120.793365
10113249925.658262
66930255210.79996
14185251726.209696
120655133194.63922
133689898276.6085
14185251726.209732
66930255210.79996
66930255210.79996
14185251726.209696
120655133194.63922
10113249925.658262
35729393508.21505
121669326482.74384
45962492472.254776
133689898276.6085
14185251726.209732
37101837120.79333
11205817092.14212
50927969498.34325
115315222391.76874
66930255210.79996
114771345966.22765
51141612284.94684
11205817092.14212
33318123152.24794
46155305087.16452
121095481356.20381
39786939147.473465
10113249925.658262
66021090722.0194
228204119715.43903
120655133194.63922
133689898276.6085
260179314984.93936
66021090722.0194
66021090722.01948
273459118839.10693
120655133194.63922
10113249925.658262
37101837120.793365
117983499725.2364
45962492472.254776
133689898276.60863
217106047024.11063
35729393508.21475
11205817092.142117
50927969498.34325
118688148498.4805
65694657640.57564
124055679678.19496
51141612284.94684
11205817092.142117
35670555478.5594
46155305087.16452
112102632791.60268
37044855992.56024
10113249925.658262
66930255210.79996
14911475458.908884
120655133194.63922
133689898276.60863
769681084824.9297
66597475818.825836
66930255210.79995
14911475458.908882
120655133194.6392
10113249925.658262
39786939147.473465
124643552540.21841
45962492472.25476
133689898276.6086
769681084824.9296
33318123152.247936
11205817092.14212
50927969498.34323
112633862766.32433
66597475818.82583
117427038550.61894
51141612284.94683
11205817092.14212
33266953064.85727
46155305087.16451
118128363895.71489
39721419280.618835
10113249925.658262
66021090722.019394
239851878680.09546
120655133194.6392
133689898276.6086
247526217599.6535
65694657640.575554
59130949515.224525
234184186230.96643
120332625355.01929
10086217487.843958
32106626184.470474
109513057228.55208
45839635998.94698
134074314052.96901
45020695647.48204
38383845622.79047
11238038620.715027
51074409245.740295
36435999408.8746
59424767897.90885
115008779206.21106
51288666346.95356
11238038620.715027
11639408818.978418
46031933231.06083
114308198891.65266
32159585567.867535
10086217487.843958
59943565000.8187
12767969783.363155
120332625355.01929
134074314052.96901
14105781838.540361
60243095619.186295
59943565000.8187
12767969783.363155
120332625355.01929
10086217487.84396
34469390056.16741
115553780776.19293
45839635998.94698
134074314052.96901
14105781838.540361
35752758633.826035
11238038620.715027
51074409245.740295
114849880564.02316
60243095619.186295
108996546321.49078
51288666346.95356
11238038620.715027
35811732256.31482
46031933231.06083
36167094569.34817
10399782612.638966
10086217487.84396
59130949515.22446
205403708104.95697
120332625355.01929
134074314052.96901
14060985777.65579
59424767897.90879
59424767897.90885
246137173573.8499
120332625355.01924
10086217487.843958
32159585567.867535
112190121348.64534
45839635998.94697
134074314052.96906
215887712010.91852
11639408818.978418
11238038620.715027
51074409245.740295
118538347416.4616
59424767897.90885
117979269340.3392
51288666346.95356
11238038620.715027
10399782612.63891
46031933231.060814
111660984250.22484
35811732256.314865
10086217487.843958
60243095619.186295
13421634790.797039
120332625355.01924
134074314052.96906
13421634790.797071
60243095619.1863
60243095619.18628
13421634790.797035
120332625355.0192
10086217487.843956
10399782612.638962
118538347416.4616
45839635998.946976
134074314052.96901
13421634790.797068
35811732256.31481
11238038620.715023
51074409245.74028
112190121348.64528
60243095619.18627
111660984250.22453
51288666346.953545
11238038620.715023
32159585567.867264
46031933231.06082
117979269340.3395
11639408818.978462
10086217487.843956
59424767897.908775
215887712010.91846
120332625355.0192
134074314052.96901
246137173573.8499
59424767897.908775
59424767897.90883
14060985777.655748
120332625355.01929
10086217487.843952
35811732256.31484
114849880564.02312
45839635998.94697
134074314052.9689
205403708104.9569
10399782612.638906
11238038620.715021
51074409245.74027
115553780776.19284
59130949515.224495
36167094569.34802
51288666346.95354
11238038620.715021
34469390056.167114
46031933231.060814
108996546321.49103
35752758633.82606
10086217487.843952
60243095619.186264
14105781838.540314
120332625355.01929
134074314052.9689
12767969783.363186
59943565000.81867
60243095619.18627
14105781838.540316
120332625355.0193
10086217487.843956
11639408818.978462
36435999408.87463
45839635998.946976
134074314052.96892
12767969783.363188
32159585567.867264
11238038620.715023
51074409245.74028
109513057228.55202
59943565000.81868
114308198891.65233
51288666346.953545
11238038620.715023
32106626184.470203
46031933231.06082
115008779206.21136
38383845622.7905
10086217487.843956
59424767897.908775
45020695647.48194
120332625355.0193
134074314052.96892
234184186230.96652
59130949515.22444
52912699712.2603
220253225427.81696
119974970413.51364
10056239038.400301
30844566174.895664
106072776315.21736
45703390551.93313
134504811121.03261
42317029057.66035
11174908736.06546
11274122658.967812
51238403248.53404
35384057245.53038
53175619959.27773
33357311553.739223
51453348304.4427
11274122658.967812
11196184145.36782
45895116234.518326
33149014336.186985
9306134587.161839
10056239038.400301
53639860015.33825
12010206789.427923
119974970413.51364
134504811121.03261
13260804744.444622
53907891795.552284
53639860015.33825
12010206789.427923
119974970413.51364
10056239038.400301
9984752952.543951
33605325462.990295
45703390551.93313
134504811121.03261
13260804744.444622
34347375002.282795
11274122658.967812
51238403248.53404
33395479541.27666
53907891795.552284
105572491259.75824
51453348304.4427
11274122658.967812
10415400880.857998
45895116234.518326
35122915945.99774
10003762477.4417
10056239038.400301
52912699712.26024
193184817271.69824
119974970413.51364
134504811121.03261
13216569294.963522
53175619959.27767
53175619959.27773
12582323203.179781
119974970413.51369
10056239038.400301
9306134587.161839
32604365585.93553
45703390551.93313
134504811121.0326
40286289483.96881
11196184145.36782
11274122658.967812
51238403248.53404
34497173392.712074
53175619959.27773
34242577470.38841
51453348304.4427
11274122658.967812
10003762477.441648
45895116234.518326
32363738957.381645
10415400880.858042
10056239038.400301
53907891795.552284
12622408480.64124
119974970413.51369
134504811121.0326
12622408480.641268
53907891795.552284
53907891795.5523
12622408480.641243
119974970413.5137
10056239038.400301
10003762477.441704
34497173392.71213
45703390551.93314
134504811121.03261
12622408480.641272
10415400880.858
11274122658.967813
51238403248.53406
32604365585.935493
53907891795.5523
32363738957.381546
51453348304.44271
11274122658.967813
9306134587.16179
45895116234.518326
34242577470.388527
11196184145.36787
10056239038.400301
53175619959.27769
40286289483.96876
119974970413.5137
134504811121.03261
12582323203.179815
53175619959.27769
53175619959.27773
13216569294.963491
119974970413.5136
10056239038.400301
10415400880.858042
33395479541.276707
45703390551.93313
134504811121.03264
193184817271.69824
10003762477.441648
11274122658.967812
51238403248.53404
33605325462.99025
52912699712.2603
35122915945.997635
51453348304.4427
11274122658.967812
9984752952.543898
45895116234.518326
105572491259.75851
34347375002.282837
10056239038.400301
53907891795.552284
13260804744.44459
119974970413.5136
134504811121.03264
12010206789.427952
53639860015.33825
53907891795.552284
13260804744.44459
119974970413.5136
10056239038.400301
11196184145.367868
35384057245.530426
45703390551.93313
134504811121.03264
12010206789.427952
9306134587.161789
11274122658.967812
51238403248.53404
106072776315.21732
53639860015.33825
33149014336.186882
51453348304.4427
11274122658.967812
30844566174.89541
45895116234.518326
33357311553.73933
11174908736.065508
10056239038.400301
53175619959.27767
42317029057.66028
119974970413.5136
134504811121.03264
220253225427.81702
52912699712.26024
47039908231.68299
11185808549.508032
119576094326.31517
10022805454.163984
8876543158.028736
30668324985.686398
45551442278.62058
134990200235.5667
39493946800.91825
10688648074.207224
11314807719.739813
51423307884.84899
34204795759.986465
47273646906.12613
32204761148.12071
51639028615.54201
11314807719.739813
10710545432.617891
45742530538.33481
31998880265.151436
8893442811.827932
10022805454.163984
47686360862.3845
11221444753.736553
119576094326.31517
134990200235.5667
12378204384.73481
47924643739.89796
47686360862.38451
11221444753.736557
119576094326.3152
10022805454.163986
9550280269.691023
32444205765.711525
45551442278.6206
134990200235.56673
12378204384.734812
9934603305.076694
11314807719.739809
51423307884.849014
32236794144.194927
47924643739.897964
30441986717.418205
51639028615.542015
11314807719.739809
9953517352.301971
45742530538.334816
33952357642.078457
9569845504.558508
10022805454.163986
47039908231.68295
35814905885.09519
119576094326.3152
134990200235.56673
12334856587.278542
47273646906.12608
47273646906.126114
11749659536.43653
119576094326.31512
10022805454.163982
8893442811.827932
31456773416.320293
45551442278.620575
134990200235.56677
37620253253.65451
10710545432.61789
11314807719.739809
51423307884.84901
33327925369.9848
47273646906.126114
33081958727.961365
51639028615.542015
11314807719.739809
9569845504.558455
45742530538.3348
31224616243.61279
9953517352.30201
10022805454.163982
47924643739.89795
11788985284.2342
119576094326.31512
134990200235.56677
11788985284.234228
47924643739.89794
47924643739.897964
11788985284.234205
119576094326.31517
10022805454.163986
9569845504.558508
33327925369.98486
45551442278.6206
134990200235.56683
11788985284.234234
9953517352.301971
11314807719.739809
51423307884.849014
31456773416.320267
47924643739.89796
31224616243.612705
51639028615.542015
11314807719.739809
8893442811.827888
45742530538.334816
33081958727.961483
10710545432.617939
10022805454.163986
47273646906.12608
37620253253.65447
119576094326.31517
134990200235.56683
11749659536.436563
47273646906.12608
47273646906.12614
12334856587.278515
119576094326.31522
10022805454.163986
9953517352.302013
32236794144.194965
45551442278.6206
134990200235.56667
35814905885.095245
9569845504.55846
11314807719.739815
51423307884.849014
32444205765.711475
47039908231.683
33952357642.07835
51639028615.542015
11314807719.739815
9550280269.690973
45742530538.334816
30441986717.41831
9934603305.076738
10022805454.163986
47924643739.89796
12378204384.734783
119576094326.31522
134990200235.56667
11221444753.736584
47686360862.3845
47924643739.89797
12378204384.734785
119576094326.31525
10022805454.16399
10710545432.61794
34204795759.986523
45551442278.620605
134990200235.5667
11221444753.736586
8893442811.82789
11314807719.739813
51423307884.84901
30668324985.686375
47686360862.384514
31998880265.15134
51639028615.542015
11314807719.739813
8876543158.028692
45742530538.33483
32204761148.120827
10688648074.207272
10022805454.16399
47273646906.1261
39493946800.91821
119576094326.31525
134990200235.5667
11185808549.508064
47039908231.68296
41512575073.49258
10369038587.234688
119128438641.17941
9985283189.635746
8428093114.37849
29411792156.37586
45380911854.31594
135541690187.2975
36560386982.58812
10156893792.497904
11361033317.98556
51633393043.13281
32882462659.378517
41718848738.45402
30922629114.505333
51849995080.87737
11361033317.98556
10179302824.58284
45571284739.05237
30720605615.548706
8445359374.279907
9985283189.635746
42083067541.95743
10403743439.330305
119128438641.17941
135541690187.2975
11460739905.104162
42293351452.22328
42083067541.957436
10403743439.330307
119128438641.17943
9985283189.635744
9075159151.503315
31152540992.105373
45380911854.31595
135541690187.29752
11460739905.104164
9432699218.486423
11361033317.985561
51633393043.13283
30949015434.517284
42293351452.22329
29194727347.442047
51849995080.87738
11361033317.985561
9452023570.278458
45571284739.052376
32639783619.744427
9095181565.51656
9985283189.635744
41512575073.49254
33199758379.296047
119128438641.17943
135541690187.29752
11418639227.901741
41718848738.45398
41718848738.45402
10885473193.914082
119128438641.17949
9985283189.635744
8445359374.279905
30185627592.350395
45380911854.315956
135541690187.29749
34853287201.29995
10179302824.58284
11361033317.985558
51633393043.13281
32022040609.8527
41718848738.45402
31785711654.11647
51849995080.87737
11361033317.985558
9095181565.516508
45571284739.05238
29962851725.75099
9452023570.278498
9985283189.635744
42293351452.22328
10923727492.526041
119128438641.17949
135541690187.29749
10923727492.526066
42293351452.22328
42293351452.22329
10923727492.526043
119128438641.17952
9985283189.635744
9095181565.51656
32022040609.85275
45380911854.31595
135541690187.29752
10923727492.52607
9452023570.278458
11361033317.985561
51633393043.13283
30185627592.350357
42293351452.22329
29962851725.750904
51849995080.87738
11361033317.985561
8445359374.279862
45571284739.052376
31785711654.116577
10179302824.582886
9985283189.635744
41718848738.45398
34853287201.299904
119128438641.17952
135541690187.29752
10885473193.91411
41718848738.45398
41718848738.45404
11418639227.901716
119128438641.1794
9985283189.63575
9452023570.278503
30949015434.517334
45380911854.315956
135541690187.29755
33199758379.29611
9095181565.516512
11361033317.985563
51633393043.132835
31152540992.10534
41512575073.49259
32639783619.744328
51849995080.87739
11361033317.985563
9075159151.50327
45571284739.05238
29194727347.442146
9432699218.48647
9985283189.63575
42293351452.2233
11460739905.10414
119128438641.1794
135541690187.29755
10403743439.330332
42083067541.95744
42293351452.2233
11460739905.10414
119128438641.1794
9985283189.635746
10179302824.58289
32882462659.37858
45380911854.31595
135541690187.29755
10403743439.330332
8445359374.279863
11361033317.985563
51633393043.132835
29411792156.37583
42083067541.95744
30720605615.54862
51849995080.87739
11361033317.985563
8428093114.378448
45571284739.052376
30922629114.505444
10156893792.497953
9985283189.635746
41718848738.45399
36560386982.58807
119128438641.1794
135541690187.29755
10369038587.234716
41512575073.492546
36330700237.689064
9526676262.634933
118622477819.9511
9942873819.20789
7942337620.802484
28024837205.01676
45188170610.56423
136173762803.51529
33529452046.41169
9576869896.688143
11414013312.866201
51874175445.80077
31400416179.381065
36511225456.26143
29496736764.28404
52091787565.509674
11414013312.866201
9599638086.635693
45377734945.95509
29300272509.308422
7959860704.356377
9942873819.20789
36829980054.05707
9560155406.08035
118622477819.9511
136173762803.51529
10512476597.239948
37014014932.52829
36829980054.05707
9560155406.08035
118622477819.9511
9942873819.20789
8556909254.075374
29716047034.03628
45188170610.56423
136173762803.51529
10512476597.239948
8889042972.352535
11414013312.866205
51874175445.8008
29518122053.791157
37014014932.52829
27818008396.32108
52091787565.5097
11414013312.866205
8908654760.487896
45377734945.95509
31168674934.16293
8577252574.73885
9942873819.20789
36330700237.689026
30502668826.65775
118622477819.9511
136173762803.51529
10472009407.601297
36511225456.26139
36511225456.261444
9993288977.539505
118622477819.95113
9942873819.207891
7959860704.3563795
28777855669.997063
45188170610.56425
136173762803.51524
31996677095.718597
9599638086.635695
11414013312.866203
51874175445.80078
30564067401.23822
36511225456.261444
30338498574.441967
52091787565.50969
11414013312.866203
8577252574.738804
45377734945.95511
28565469436.974667
8908654760.487936
9942873819.207891
37014014932.5283
10030134369.09946
118622477819.95113
136173762803.51524
10030134369.099483
37014014932.5283
37014014932.52828
10030134369.099457
118622477819.95108
9942873819.207888
8577252574.73885
30564067401.238247
45188170610.56423
136173762803.51518
10030134369.099482
8908654760.487896
11414013312.866203
51874175445.80079
28777855669.99701
37014014932.52828
28565469436.974567
52091787565.50969
11414013312.866203
7959860704.356335
45377734945.95509
30338498574.44205
9599638086.635736
9942873819.207888
36511225456.26138
31996677095.718536
118622477819.95108
136173762803.51518
9993288977.539524
36511225456.26138
36511225456.26141
10472009407.60127
118622477819.95103
9942873819.207884
8908654760.48793
29518122053.791195
45188170610.56422
136173762803.51532
30502668826.657784
8577252574.738797
11414013312.866194
51874175445.80077
29716047034.03622
36330700237.68906
31168674934.162815
52091787565.50968
11414013312.866194
8556909254.07532
45377734945.95508
27818008396.32115
8889042972.35257
9942873819.207884
37014014932.528275
10512476597.239918
118622477819.95103
136173762803.51532
9560155406.080368
36829980054.057045
37014014932.52827
10512476597.239918
118622477819.95102
9942873819.207884
9599638086.635733
31400416179.381092
45188170610.56421
136173762803.51529
9560155406.080368
7959860704.356332
11414013312.866198
51874175445.80078
28024837205.01671
36829980054.05704
29300272509.30832
52091787565.509674
11414013312.866198
7942337620.802439
45377734945.95507
29496736764.28412
9576869896.688187
9942873819.207884
36511225456.26137
33529452046.41163
118622477819.95102
136173762803.51529
9526676262.63495
36330700237.68901
31494283724.272465
8662962077.201439
118046035267.07271
9894556707.032984
7417796136.258682
26495316748.77548
44968579982.334435
136905461019.80026
30419058016.951168
8946508074.4882
11475343873.245354
52152909328.624565
29741806441.164112
31650777059.548347
27912811334.669888
52371690736.723206
11475343873.245354
8969433143.224876
45157223135.23581
27723880297.80959
7435431312.808478
9894556707.032984
31927098398.683388
8694902535.495094
118046035267.07271
136905461019.80026
9538991950.176891
32086634180.81296
31927098398.68337
8694902535.49509
118046035267.07265
9894556707.032984
7993682545.559271
28120345009.742764
44968579982.334435
136905461019.8002
9538991950.176886
8301977549.110009
11475343873.245348
52152909328.62452
27930009257.6086
32086634180.812943
26299776101.774555
52371690736.72317
11475343873.245348
8321714791.42587
45157223135.23582
29522306061.92269
8014166037.027713
9894556707.032984
31494283724.272415
27737214534.640312
118046035267.07265
136905461019.8002
9500562707.76346
31650777059.548298
31650777059.548344
9077954272.516476
118046035267.0726
9894556707.032982
7435431312.808477
27220329081.016586
44968579982.33443
136905461019.80031
29065943374.62313
8969433143.224874
11475343873.245352
52152909328.62456
28938391410.026165
31650777059.548344
28724820391.67846
52371690736.7232
11475343873.245352
8014166037.027674
45157223135.2358
27019437700.45503
8321714791.425905
9894556707.032982
32086634180.812958
9113034387.781677
118046035267.0726
136905461019.80031
9113034387.781698
32086634180.812954
32086634180.812954
9113034387.781675
118046035267.07259
9894556707.032984
8014166037.027715
28938391410.0262
44968579982.33444
136905461019.80028
9113034387.781698
8321714791.425872
11475343873.245348
52152909328.62455
27220329081.016544
32086634180.81295
27019437700.454937
52371690736.72319
11475343873.245348
7435431312.80844
45157223135.23582
28724820391.678547
8969433143.22491
9894556707.032984
31650777059.5483
29065943374.623077
118046035267.07259
136905461019.80028
9077954272.516497
31650777059.5483
31650777059.548332
9500562707.76344
118046035267.07275
9894556707.03298
8321714791.425903
27930009257.60864
44968579982.33444
136905461019.8002
27737214534.640358
8014166037.027673
11475343873.24535
52152909328.624535
28120345009.74274
31494283724.272453
29522306061.9226
52371690736.72317
11475343873.24535
7993682545.559232
45157223135.23582
26299776101.774647
8301977549.110042
9894556707.03298
32086634180.81295
9538991950.176865
118046035267.07275
136905461019.8002
8694902535.495111
31927098398.683372
32086634180.812943
9538991950.176863
118046035267.07272
9894556707.032984
8969433143.224909
29741806441.16414
44968579982.33444
136905461019.80017
8694902535.495111
7435431312.808439
11475343873.245348
52152909328.62452
26495316748.775444
31927098398.68337
27723880297.809483
52371690736.72317
11475343873.245348
7417796136.258644
45157223135.235825
27912811334.669968
8946508074.48823
9894556707.032984
31650777059.548298
30419058016.951107
118046035267.07272
136905461019.80017
8662962077.201456
31494283724.272415
27003325533.24275
7783474504.22345
117383292903.63129
9839005990.040346
6853815564.656856
24811893183.36799
44716114214.12233
137762336810.51175
27252524922.08415
8264893761.374947
11547166752.200129
52479328487.40746
27890741242.617992
27137503548.31476
26157459214.642483
52699479223.585945
11547166752.200129
8287717078.631074
44903698273.35133
25978298535.09022
6871378192.625226
9839005990.040346
27374422575.836388
7813552336.141876
117383292903.63129
137762336810.51175
8547563828.499048
27511209197.077286
27374422575.83638
7813552336.141872
117383292903.63124
9839005990.04034
7384661864.845421
26351941725.783924
44716114214.1223
137762336810.5117
8547563828.499046
7670772005.365562
11547166752.200127
52479328487.40745
26171448974.23742
27511209197.077274
24628776533.26726
52699479223.58592
11547166752.200127
7690428051.503592
44903698273.351295
27684902088.490295
7405054441.62097
9839005990.04034
27003325533.24271
24921256750.819416
117383292903.63124
137762336810.5117
8511582502.747644
27137503548.314716
27137503548.31476
8145820676.309056
117383292903.63133
9839005990.040346
6871378192.625226
25500744462.35098
44716114214.12233
137762336810.5117
26081422687.294506
8287717078.631074
11547166752.200129
52479328487.40745
27130300697.519634
27137503548.31476
26930073744.129223
52699479223.58592
11547166752.200129
7405054441.620934
44903698273.35133
25312543954.372482
7690428051.503626
9839005990.040346
27511209197.077286
8178770063.314351
117383292903.63133
137762336810.5117
8178770063.314371
27511209197.077286
27511209197.077282
8178770063.31435
117383292903.63132
9839005990.040344
7405054441.620972
27130300697.519672
44716114214.12233
137762336810.51166
8178770063.314369
7690428051.503592
11547166752.20013
52479328487.407455
25500744462.35094
27511209197.07728
25312543954.372395
52699479223.58594
11547166752.20013
6871378192.625189
44903698273.351326
26930073744.12931
8287717078.631107
9839005990.040344
27137503548.31472
26081422687.294464
117383292903.63132
137762336810.51166
8145820676.309073
27137503548.31472
27137503548.31475
8511582502.747625
117383292903.63124
9839005990.040344
7690428051.503625
26171448974.237465
44716114214.12231
137762336810.51178
24921256750.819458
7405054441.620933
11547166752.200127
52479328487.407455
26351941725.783894
27003325533.242744
27684902088.490208
52699479223.58594
11547166752.200127
7384661864.845384
44903698273.35131
24628776533.267345
7670772005.365597
9839005990.040344
27511209197.07728
8547563828.499027
117383292903.63124
137762336810.51178
7813552336.141894
27374422575.83638
27511209197.077274
8547563828.499024
117383292903.63123
9839005990.04034
8287717078.631106
27890741242.618015
44716114214.1223
137762336810.51175
7813552336.141892
6871378192.625187
11547166752.200127
52479328487.40745
24811893183.367943
27374422575.836376
25978298535.090126
52699479223.58592
11547166752.200127
6853815564.656816
44903698273.351295
26157459214.64256
8264893761.374979
9839005990.04034
27137503548.314716
27252524922.084095
117383292903.63123
137762336810.51175
7783474504.223466
27003325533.24271
22857825664.599934
6895289570.351158
116613321351.32869
9774467378.728039
6250982431.436317
22965307839.904694
44422800446.69672
138779489872.65558
24059037514.70812
7532846728.119943
11632423987.907751
52866803837.39113
25834137030.129196
22971404922.560673
24219698232.009422
53088580032.317055
11632423987.907751
38033497606.87361
44609154054.93308
24052765939.730145
6268244378.088541
9774467378.728039
23171952585.51609
6923180629.287411
116613321351.32869
138779489872.65558
7547318422.422603
23287739981.321285
23171952585.516087
6923180629.28741
116613321351.32866
9774467378.72804
6730579675.063935
24399773356.760544
44422800446.69671
138779489872.65555
7547318422.422602
6996082778.818449
11632423987.907742
52866803837.3911
24231599911.388775
23287739981.321278
22795819352.70639
53088580032.317024
11632423987.907742
7015402303.23355
44609154054.933075
25643476019.450302
38033497606.87378
9774467378.72804
22857825664.599907
22077451613.765232
116613321351.32866
138779489872.65555
7514183853.738794
22971404922.560646
22971404922.56067
7204900327.485728
116613321351.32861
9774467378.728037
6268244378.08854
23609006979.358963
44422800446.69669
138779489872.65564
23068768430.847343
38033497606.873604
11632423987.90775
52866803837.39113
25127672126.88139
22971404922.56067
24942224966.090485
53088580032.317055
11632423987.90775
38033497606.873604
44609154054.93306
23434767865.950207
7015402303.233581
9774467378.728037
23287739981.321278
7235357867.620709
116613321351.32861
138779489872.65564
7235357867.620728
23287739981.321278
23287739981.321285
7235357867.620712
116613321351.32866
9774467378.728043
38033497606.87379
25127672126.88143
44422800446.696724
138779489872.6557
7235357867.62073
7015402303.233553
11632423987.907745
52866803837.391136
23609006979.35894
23287739981.32128
23434767865.95014
53088580032.317055
11632423987.907745
6268244378.088509
44609154054.93308
24942224966.090572
38033497606.87379
9774467378.728043
22971404922.56065
23068768430.847313
116613321351.32866
138779489872.6557
7204900327.485748
22971404922.56065
22971404922.56068
7514183853.738777
116613321351.32875
9774467378.72804
7015402303.233583
24231599911.388813
44422800446.696724
138779489872.65552
22077451613.76529
38033497606.87361
11632423987.907755
52866803837.39112
24399773356.760525
22857825664.599937
25643476019.450233
53088580032.31705
11632423987.907755
6730579675.063905
44609154054.93309
22795819352.706474
6996082778.818481
9774467378.72804
23287739981.321285
7547318422.422584
116613321351.32875
138779489872.65552
6923180629.287431
23171952585.516094
23287739981.321285
7547318422.422584
116613321351.32875
9774467378.728045
38033497606.873795
25834137030.129223
44422800446.696724
138779489872.65552
6923180629.287431
6268244378.08851
11632423987.907747
52866803837.39111
22965307839.904682
23171952585.516094
24052765939.730064
53088580032.31704
11632423987.907747
6250982431.436286
44609154054.93309
24219698232.009506
7532846728.119973
9774467378.728045
22971404922.560654
24059037514.708076
116613321351.32875
138779489872.65552
6895289570.351178
22857825664.599915
19057784118.34403
6007108333.49566
115707836644.45593
9698570125.938202
5611641996.086056
20950275753.142956
44077864156.615776
140006482339.79172
773771943817.2125
33998156695.52753
11735269852.385221
53334215629.5051
275006624848.7721
19152481182.286106
254528752114.33273
53557952616.48189
11735269852.385221
34106907296.712738
44262770757.42304
252776259066.9894
31710548382.557255
9698570125.938202
19319688427.72248
6032502403.482256
115707836644.45593
140006482339.79172
6549310360.537356
19416226533.54495
19319688427.72249
6032502403.482258
115707836644.45596
9698570125.9382
33998156695.52772
259753698808.95892
44077864156.615776
140006482339.79175
6549310360.537357
6280534677.601262
11735269852.385227
53334215629.50511
257965230718.79904
19416226533.544956
20795658598.931877
53557952616.481895
11735269852.385227
31710548382.557083
44262770757.423035
269474865485.6057
34106907296.712936
9698570125.9382
19057784118.34401
19233658313.880257
115707836644.45596
140006482339.79175
864012048483.4459
19152481182.286087
19152481182.286102
6264974447.323766
115707836644.456
9698570125.938202
31710548382.557255
21539293090.611526
44077864156.61579
140006482339.7917
20059298280.524906
34106907296.712738
11735269852.385221
53334215629.5051
267525995815.14346
19152481182.286102
262144709335.02686
53557952616.48187
11735269852.385221
34106907296.712738
44262770757.42304
21380328872.63994
31710548382.557255
9698570125.938202
19416226533.544945
6292600498.291879
115707836644.456
140006482339.7917
6292600498.291893
19416226533.544945
19416226533.544945
6292600498.291879
115707836644.456
9698570125.938196
34106907296.712925
267525995815.14334
44077864156.615776
140006482339.7917
6292600498.291893
31710548382.55707
11735269852.385221
53334215629.5051
21539293090.611485
19416226533.544945
21380328872.639862
53557952616.48187
11735269852.385221
31710548382.55707
44262770757.42303
262144709335.02814
34106907296.712925
9698570125.938196
19152481182.286083
20059298280.52487
115707836644.456
140006482339.7917
6264974447.323782
19152481182.286083
19152481182.28611
864012048483.4486
115707836644.45587
9698570125.938206
31710548382.557266
257965230718.7989
44077864156.615776
140006482339.79175
19233658313.880287
34106907296.71275
11735269852.385227
53334215629.50511
259753698808.95908
19057784118.344032
269474865485.6044
53557952616.481895
11735269852.385227
33998156695.527542
44262770757.423035
20795658598.931942
6280534677.601291
9698570125.938206
19416226533.544952
6549310360.537342
115707836644.45587
140006482339.79175
6032502403.48227
19319688427.722485
19416226533.544952
6549310360.537342
115707836644.45587
9698570125.9382
34106907296.712936
275006624848.772
44077864156.61577
140006482339.79175
6032502403.48227
31710548382.557083
11735269852.385227
53334215629.50511
20950275753.142937
19319688427.722485
252776259066.98825
53557952616.481895
11735269852.385227
5611641996.086025
44262770757.42303
254528752114.33408
33998156695.52772
9698570125.9382
19152481182.286087
773771943817.2067
115707836644.45587
140006482339.79175
6007108333.495675
19057784118.34401
