2453418673.0
27091296926.0
3614831200.0
610908447.0
5361790469.0
11870414267.0
3365603775.0
5023886688.0
21811935102.0
6905509399.0
849039595.0
4677510799.0
14395759335.0
2480636877.0
13470045047.0
7333799338.0
294797644.0
6961124741.0
5276879895.0
13589063492.0
7146268706.0
610908447.0
2726895351.0
3892062184.0
3614831200.0
5023886676.0
2365789642.0
2757529870.0
2726895351.0
3892062184.0
3614831200.0
610908447.0
7871486927.0
12960751777.0
3365603775.0
5023886676.0
2365789642.0
5927361845.0
849039595.0
4677510790.0
13086819411.0
2757529870.0
12336862810.0
7333799340.0
294797644.0
6269288919.0
5276879895.0
14948237724.0
7934882123.0
610908447.0
2303032768.0
23299484944.0
3614831200.0
5023886664.0
25345281550.0
2328582635.0
2480636877.0
28735841005.0
3614831200.0
610908447.0
7146268706.0
12370932474.0
3365603775.0
5023886693.0
20688794801.0
6961124741.0
294797644.0
4677510791.0
13831391529.0
2480636877.0
14092592715.0
8253630661.0
294797643.0
6961124741.0
5276879895.0
13103028527.0
7146268746.0
610908447.0
2757529870.0
4130799184.0
3614831200.0
5023886675.0
12009829542.0
14116282441.0
2757529870.0
4130799184.0
3614831200.0
610908447.0
7934882123.0
13559761487.0
3365603775.0
5023886675.0
12009829542.0
6269288919.0
294797644.0
4677510779.0
12618748034.0
14116282441.0
12857048918.0
7333799338.0
294797643.0
6269288960.0
5276879895.0
14362210856.0
7934882225.0
610908447.0
2328582635.0
24713852107.0
3614831200.0
5023886663.0
24040202543.0
2328582681.0
2480636877.0
30295834297.0
3614831200.0
610908447.0
7146268746.0
12829811694.0
3365603775.0
5023886687.0
19504780907.0
6961124741.0
294797643.0
4677510782.0
13220382560.0
2453418673.0
14667618418.0
8253630658.0
294797643.0
6905509399.0
5276879895.0
12572890412.0
6391390429.0
610908447.0
14116282441.0
2410190210.0
3614831200.0
5023886681.0
11315728995.0
13959459190.0
14116282441.0
2410190210.0
3614831200.0
610908447.0
7934882225.0
14113046033.0
3365603775.0
5023886681.0
11315728995.0
6269288960.0
294797643.0
4677510771.0
12108203532.0
13959459190.0
13333959833.0
8253630656.0
294797642.0
5019450322.0
5276879895.0
13727752815.0
7871487226.0
610908447.0
2328582681.0
26055502652.0
3614831200.0
5023886663.0
22664388875.0
2303032899.0
3833466764.0
5874150727.0
5023886688.0
849039595.0
8026893438.0
17579624120.0
4677510799.0
6842227119.0
33399346095.0
10361343658.0
1156340121.0
6370484284.0
21358600277.0
3875995209.0
19966357945.0
9988187200.0
401496402.0
10441451664.0
7333799338.0
20140625178.0
10695105716.0
294797644.0
4260774082.0
5930672446.0
5023886676.0
6842227090.0
3621795502.0
4308640505.0
4260774082.0
5930672446.0
5023886676.0
849039595.0
11810740735.0
19211443630.0
4677510790.0
6842227090.0
3621795502.0
8873584704.0
1156340121.0
6370484261.0
19396238806.0
4308640505.0
18270416374.0
9988187208.0
401496402.0
9382617631.0
7333799340.0
22178297602.0
11902054929.0
294797644.0
3598488781.0
25869341408.0
5023886664.0
6842227062.0
38809752947.0
3638410425.0
3875995209.0
43889256828.0
5023886693.0
294797644.0
10695105716.0
18324720802.0
4677510791.0
6842227121.0
31598721204.0
10441451664.0
401496402.0
6370484262.0
20507541772.0
3875995209.0
20894819996.0
11240941329.0
401496401.0
10441451572.0
8253630661.0
19409154422.0
10695105822.0
294797643.0
4308640505.0
6307627812.0
5023886675.0
6842227084.0
6070532843.0
22056691658.0
4308640505.0
6307627812.0
5023886675.0
294797644.0
11902054929.0
20104801571.0
4677510779.0
6842227084.0
6070532843.0
9382617631.0
401496402.0
6370484239.0
18691802560.0
22056691658.0
19044791451.0
9988187192.0
401496401.0
9382617586.0
7333799338.0
21294577745.0
11902055110.0
294797643.0
3638410425.0
37746332485.0
5023886663.0
6842227056.0
36717442683.0
3638410466.0
3875995209.0
46390246913.0
5023886687.0
294797643.0
10695105822.0
19015322978.0
4677510782.0
6842227121.0
17078426289.0
10441451572.0
401496401.0
6370484238.0
19596288171.0
3833466764.0
21761950130.0
11240941326.0
401496400.0
10361343389.0
8253630658.0
18619964183.0
9568260987.0
294797643.0
22056691658.0
3689768525.0
5023886681.0
6842227093.0
5707746764.0
21811655255.0
22056691658.0
3689768525.0
5023886681.0
294797643.0
11902055110.0
20939146580.0
4677510771.0
6842227093.0
5707746764.0
9382617586.0
401496401.0
6370484215.0
17931780160.0
21811655255.0
19762530623.0
11240941331.0
401496400.0
7514391285.0
8253630656.0
20348352569.0
11810741263.0
294797642.0
3638410466.0
39897273974.0
5023886663.0
6842227056.0
5653349686.0
3598488906.0
5989791948.0
8888959236.0
6842227119.0
1156340121.0
11879110031.0
18677151774.0
6370484284.0
9115442837.0
50808508843.0
14634993782.0
1540514820.0
8486971314.0
31246029445.0
6056242645.0
29190076906.0
13306595632.0
534886878.0
15480502553.0
9988187200.0
29442651488.0
11957248555.0
401496402.0
6657459648.0
8971767851.0
6842227090.0
9115442794.0
9763892487.0
6732250920.0
6657459648.0
8971767851.0
6842227090.0
1156340121.0
13238565864.0
28086420280.0
6370484261.0
9115442794.0
9763892487.0
13132140086.0
1540514820.0
8486971273.0
28354467037.0
6732250920.0
20244310458.0
13306595651.0
534886878.0
13218520470.0
9988187208.0
32445185149.0
17645994016.0
401496402.0
5622638842.0
39146343787.0
6842227062.0
9115442736.0
59039049320.0
5685016394.0
6056242645.0
66571029486.0
6842227121.0
401496402.0
11957248555.0
19470055369.0
6370484262.0
9115442852.0
47928799734.0
15480502553.0
534886878.0
8486971273.0
29984312718.0
6056242645.0
30550556862.0
14975556397.0
534886875.0
15480502315.0
11240941329.0
21395333994.0
14253343951.0
401496401.0
6732250920.0
9564518761.0
6842227084.0
9115442779.0
9205001652.0
34463581348.0
6732250920.0
9564518761.0
6842227084.0
401496402.0
17645994016.0
29395462241.0
6370484239.0
9115442779.0
9205001652.0
13218520470.0
534886878.0
8486971234.0
22270339267.0
34463581348.0
21103744414.0
13306595632.0
534886876.0
11193800297.0
9988187192.0
31135047367.0
17645994340.0
401496401.0
5685016394.0
57253469651.0
6842227056.0
9115442721.0
55692852639.0
5685016438.0
6056242645.0
70570820866.0
6842227121.0
401496401.0
14253343951.0
27797624335.0
6370484238.0
9115442837.0
25843639733.0
15480502315.0
534886875.0
8486971234.0
28649048068.0
5989791948.0
31836099859.0
14975556383.0
534886874.0
12393307726.0
11240941326.0
20524025338.0
14160201238.0
401496400.0
34463581348.0
10145238128.0
6842227093.0
9115442779.0
8634531504.0
34080711857.0
34463581348.0
10145238128.0
6842227093.0
401496401.0
17645994340.0
30632400728.0
6370484215.0
9115442779.0
8634531504.0
11193800297.0
534886876.0
8486971196.0
21363396241.0
34080711857.0
28889932230.0
14975556397.0
534886873.0
11120650788.0
11240941331.0
29748538931.0
15780707363.0
401496400.0
5685016438.0
60693434116.0
6842227056.0
9115442736.0
8554835613.0
5622638981.0
9359050088.0
13325832610.0
9115442837.0
1540514820.0
17327843905.0
26840076749.0
8486971314.0
11861901650.0
76613196817.0
21388354248.0
2004667858.0
11044073298.0
44915166021.0
9462879303.0
31816825366.0
17315837680.0
696046878.0
22613297029.0
13306595632.0
31924226132.0
17434203602.0
534886878.0
10402280887.0
13444896134.0
9115442794.0
11861901564.0
14717370584.0
10519142272.0
10402280887.0
13444896134.0
9115442794.0
1540514820.0
19347540604.0
29353812541.0
8486971273.0
11861901564.0
14717370584.0
19155616282.0
2004667858.0
11044073236.0
33229832051.0
10519142272.0
29092168511.0
17315837699.0
696046878.0
19273194304.0
13306595651.0
46638913980.0
25776560272.0
534886878.0
8785373349.0
58686018787.0
9115442736.0
11861901478.0
89023872796.0
8882838217.0
9462879303.0
14233969425.0
9115442852.0
534886878.0
17434203602.0
27974808657.0
8486971273.0
11861901628.0
41383649980.0
22613297029.0
696046878.0
11044073230.0
35134238698.0
9462879303.0
33293789139.0
19487651894.0
696046875.0
22613296529.0
14975556397.0
30741072066.0
20782013464.0
534886875.0
10519142272.0
14369896652.0
9115442779.0
11861901542.0
13829751872.0
10325358647.0
10519142272.0
14369896652.0
9115442779.0
534886878.0
25776560272.0
30716442212.0
8486971234.0
11861901542.0
13829751872.0
19273194304.0
696046878.0
11044073159.0
31998289518.0
10325358647.0
30322112411.0
17315837671.0
696046874.0
16321061536.0
13306595632.0
33753808416.0
25776560765.0
534886876.0
8882838217.0
62685388996.0
9115442721.0
11861901456.0
13698933901.0
8882838244.0
9462879303.0
106412416181.0
9115442837.0
534886875.0
20782013464.0
29051496529.0
8486971234.0
11861901650.0
38743345303.0
22613296529.0
696046875.0
11044073175.0
33575628612.0
9359050088.0
45763373111.0
19487651883.0
696046871.0
18112235317.0
14975556383.0
29494133919.0
20655230798.0
534886874.0
10325358647.0
15292183030.0
9115442779.0
11861901564.0
12939520831.0
53251113071.0
10325358647.0
15292183030.0
9115442779.0
534886876.0
25776560765.0
44033095092.0
8486971196.0
11861901564.0
12939520831.0
16321061536.0
696046874.0
11044073098.0
30700354461.0
53251113071.0
31489141818.0
19487651888.0
696046870.0
16221492748.0
14975556397.0
32256437443.0
23062760910.0
534886873.0
8882838244.0
91518490846.0
9115442736.0
11861901456.0
12824932773.0
8785373493.0
14623516061.0
19736993154.0
11861901650.0
2004667858.0
24827865268.0
37809644460.0
11044073298.0
15062981214.0
114165956990.0
30683847212.0
2545652056.0
14024451859.0
51529447738.0
14785749212.0
44793522026.0
21988728757.0
883883661.0
30876954966.0
17315837680.0
44947968052.0
24967542594.0
696046878.0
16253564217.0
19904075355.0
11861901564.0
15062981091.0
21920929946.0
16436160038.0
16253564217.0
19904075355.0
11861901564.0
2004667858.0
27756085060.0
41325953711.0
11044073236.0
15062981091.0
21920929946.0
27446753490.0
2545652056.0
14024451771.0
46786205982.0
16436160038.0
40982168532.0
21988728785.0
883883661.0
27601163072.0
17315837699.0
49504845105.0
27930768356.0
696046878.0
13727146138.0
86920314399.0
11861901478.0
15062980968.0
132659853902.0
13879434969.0
14785749212.0
21137783174.0
11861901628.0
696046878.0
24967542594.0
39388021943.0
11044073230.0
15062981245.0
61455704599.0
30876954966.0
883883661.0
14024451780.0
49434876371.0
14785749212.0
46845311389.0
24746633687.0
883883656.0
26147439453.0
19487651894.0
43282870501.0
29761944920.0
696046875.0
16436160038.0
21329538612.0
11861901542.0
15062981122.0
20527790283.0
16133373182.0
16436160038.0
21329538612.0
11861901542.0
696046878.0
27930768356.0
43218911026.0
11044073159.0
15062981122.0
20527790283.0
27601163072.0
883883661.0
14024451692.0
45053009236.0
16133373182.0
42692982806.0
21988728771.0
883883656.0
23373410294.0
17315837671.0
47492571842.0
33294185589.0
696046874.0
13879434969.0
93089294432.0
11861901456.0
15062980999.0
20343242401.0
13879434967.0
14785749212.0
158571575572.0
11861901650.0
696046875.0
29761944920.0
40903285749.0
11044073175.0
15062981214.0
57383066662.0
26147439453.0
883883656.0
14024451683.0
47269663859.0
14623516061.0
48830160201.0
24746633640.0
883883651.0
25983909061.0
19487651883.0
41548417682.0
29595447292.0
696046871.0
16133373182.0
22777090253.0
11861901564.0
15062981091.0
19155908008.0
15954141141.0
16133373182.0
22777090253.0
11861901564.0
696046874.0
33294185589.0
45050110374.0
11044073098.0
15062981091.0
19155908008.0
23373410294.0
883883656.0
14024451595.0
43247620839.0
15954141141.0
44335387402.0
24746633671.0
883883651.0
23242650991.0
19487651888.0
45412432631.0
33085960072.0
696046870.0
13879434967.0
136377237850.0
11861901456.0
15062980968.0
18995106100.0
13727146135.0
22849244186.0
28782891945.0
15062981214.0
2545652056.0
34811082086.0
52029386125.0
14024451859.0
18658637057.0
96215337029.0
43027984232.0
3153319854.0
17372202288.0
70674324482.0
23102733491.0
61540557517.0
27237616709.0
1094873861.0
43270858437.0
21988728757.0
61764701564.0
34986717390.0
883883661.0
25396194470.0
29010177768.0
15062981091.0
18658636887.0
32138982701.0
25681500448.0
25396194470.0
29010177768.0
15062981091.0
2545652056.0
38922380954.0
56776563257.0
14024451771.0
18658636887.0
32138982701.0
38483018110.0
3153319854.0
17372202167.0
64290693445.0
25681500448.0
56395057481.0
27237616747.0
1094873861.0
38677177920.0
21988728785.0
67897515756.0
39142082884.0
883883661.0
21448666161.0
126757810475.0
15062980968.0
18658636717.0
31849474426.0
21686617466.0
23102733491.0
30903111943.0
15062981245.0
883883661.0
34986717390.0
54149193976.0
14024451780.0
18658637014.0
89847289241.0
43270858437.0
1094873861.0
17372202155.0
67840565758.0
23102733491.0
64286849096.0
30653855876.0
1094873854.0
36642931559.0
24746633687.0
59503687529.0
41705055821.0
883883656.0
25681500448.0
31165268130.0
15062981122.0
18658636845.0
29993807851.0
25208395979.0
25681500448.0
31165268130.0
15062981122.0
883883661.0
39142082884.0
59310260622.0
14024451692.0
18658636845.0
29993807851.0
38677177920.0
1094873861.0
17372202045.0
61937208179.0
25208395979.0
58692731662.0
27237616690.0
1094873854.0
32752878692.0
21988728771.0
65175098974.0
46658357504.0
883883656.0
21686617466.0
136095109440.0
15062980999.0
18658636717.0
29741505284.0
21686617465.0
23102733491.0
33093411676.0
15062981214.0
883883656.0
41705055821.0
56206750953.0
14024451683.0
18658637057.0
83682990327.0
36642931559.0
1094873854.0
17372202045.0
64942458476.0
22849244186.0
66972163175.0
30653855854.0
1094873847.0
36437256691.0
24746633640.0
57174266023.0
41495696085.0
883883651.0
25208395979.0
33394227379.0
15062981091.0
18658636887.0
27919724013.0
24928345906.0
25208395979.0
33394227379.0
15062981091.0
883883656.0
46658357504.0
61787701296.0
14024451595.0
18658636887.0
27919724013.0
32752878692.0
1094873854.0
17372201924.0
59512517822.0
24928345906.0
60922931269.0
30653855876.0
1094873847.0
32588457177.0
24746633671.0
62390861417.0
46396469062.0
883883651.0
21686617465.0
145741034519.0
15062980968.0
18658636675.0
27700981372.0
21448665845.0
35701945658.0
364114764502.0
18658637057.0
3153319854.0
47575772149.0
69708334856.0
17372202288.0
22550600748.0
138303807149.0
58723327062.0
3811063844.0
20995831391.0
94135592284.0
36098022713.0
82216327124.0
32919050723.0
1323251168.0
59012641336.0
27237616709.0
82544011176.0
47785595415.0
1094873861.0
39681555656.0
41460385411.0
18658636887.0
22550600522.0
46164283834.0
40127345509.0
39681555656.0
41460385411.0
18658636887.0
3153319854.0
53120120488.0
75851774309.0
17372202167.0
22550600522.0
46164283834.0
52594150812.0
3811063844.0
20995831270.0
85919814395.0
40127345509.0
75557407989.0
32919050774.0
1323251171.0
52826103896.0
27237616747.0
90436985623.0
53381831931.0
1094873861.0
33513542395.0
213185611424.0
18658636717.0
22550600353.0
45781718872.0
33885340689.0
36098022713.0
44286484712.0
18658637014.0
1094873861.0
47785595415.0
72439326788.0
17372202155.0
22550600691.0
128757926022.0
59012641336.0
1323251168.0
20995831253.0
90472619577.0
36098022713.0
85733360169.0
37047875627.0
1323251162.0
49973498321.0
30653855876.0
79602423335.0
56961643649.0
1094873854.0
40127345509.0
44630813015.0
18658636845.0
22550600522.0
42953200697.0
39388119753.0
40127345509.0
44630813015.0
18658636845.0
1094873861.0
53381831931.0
79096549315.0
17372202045.0
22550600522.0
42953200697.0
52826103896.0
1323251171.0
20995831132.0
82857920820.0
39388119753.0
78517548386.0
32919050698.0
1323251162.0
44734571098.0
27237616690.0
86917935597.0
63632500425.0
1094873854.0
33885340689.0
195034531906.0
18658636717.0
22550600297.0
42621813955.0
33885340678.0
36098022713.0
47569805061.0
18658637057.0
1094873854.0
56961643649.0
75116216010.0
17372202045.0
22550600748.0
215645598478.0
49973498321.0
1323251162.0
20995831108.0
86761163509.0
35701945658.0
89204449971.0
37047875613.0
1323251153.0
49728495512.0
30653855854.0
76601382129.0
56711531521.0
1094873847.0
39388119753.0
47967311461.0
18658636887.0
22550600522.0
39901944546.0
38950541509.0
39388119753.0
47967311461.0
18658636887.0
1094873854.0
63632500425.0
82298937717.0
17372201924.0
22550600522.0
39901944546.0
44734571098.0
1323251162.0
20995830987.0
79734142720.0
38950541509.0
81419045999.0
37047875670.0
1323251155.0
44538144317.0
30653855876.0
83352307101.0
63320535487.0
1094873847.0
33885340678.0
209494039927.0
18658636675.0
22550600353.0
386460831416.0
33513541121.0
55784292958.0
508386234116.0
22550600748.0
3811063844.0
52431951412.0
167975674619.0
20995831391.0
26613231769.0
349138214463.0
84771402997.0
4497650709.0
24778361089.0
121411153860.0
56403163398.0
206576674110.0
38849622536.0
1561643102.0
78016341833.0
32919050723.0
206239149380.0
52628271647.0
1323251168.0
62002433914.0
57843578131.0
22550600522.0
26613231553.0
64619615436.0
418544140741.0
62002433914.0
57843578131.0
22550600522.0
3811063844.0
58348247810.0
182010653200.0
20995831270.0
26613231553.0
64619615436.0
76175896446.0
4497650709.0
24778360903.0
215151499564.0
418544140741.0
190647396409.0
38849622585.0
1561643099.0
76461117141.0
32919050774.0
116640884944.0
70572255872.0
1323251171.0
52364912683.0
297655135682.0
22550600353.0
26613231336.0
625694408330.0
52945847323.0
56403163398.0
547628103919.0
22550600691.0
1323251168.0
52628271647.0
174192587217.0
20995831253.0
26613231769.0
324330682868.0
78016341833.0
1561643102.0
24778360882.0
116915293511.0
56403163398.0
110790878205.0
43722280983.0
1561643091.0
66066345025.0
37047875627.0
199212804992.0
73396480784.0
1323251162.0
418544140741.0
62339504022.0
22550600522.0
26613231480.0
59996245289.0
61543940017.0
418544140741.0
62339504022.0
22550600522.0
1323251171.0
70572255872.0
102214307780.0
20995831132.0
26613231480.0
59996245289.0
76461117141.0
1561643099.0
24778360727.0
207821511377.0
61543940017.0
197703401037.0
38849622504.0
1561643094.0
58440771722.0
32919050698.0
112321671904.0
84123922051.0
1323251162.0
52945847323.0
320630865632.0
22550600297.0
26613231264.0
581236547743.0
52945846070.0
56403163398.0
589515295627.0
22550600748.0
1323251162.0
73396480784.0
180336459787.0
20995831108.0
26613231769.0
301089833213.0
66066345025.0
1561643091.0
24778360727.0
217148902173.0
55784292958.0
115051224943.0
43722280910.0
1561643082.0
64792486324.0
37047875613.0
192102929523.0
73122690916.0
1323251153.0
61543940017.0
67143447475.0
22550600522.0
26613231553.0
55669314893.0
60860222546.0
61543940017.0
67143447475.0
22550600522.0
1323251162.0
84123922051.0
106144855746.0
20995830987.0
26613231553.0
55669314893.0
58440771722.0
1561643094.0
24778360572.0
200404385212.0
60860222546.0
204676504680.0
43722280983.0
1561643082.0
58222768071.0
37047875670.0
208153820346.0
81373680970.0
1323251155.0
52945846070.0
345155401139.0
22550600353.0
26613231264.0
539586371970.0
52364910249.0
87162959363.0
689883074059.0
26613231769.0
4497650709.0
67417247383.0
211821166158.0
24778361089.0
30709507955.0
474140380073.0
108412419176.0
5189923628.0
28592216223.0
292490749110.0
88129944409.0
497411499266.0
44829309100.0
1802009306.0
108782026282.0
38849622536.0
258808896440.0
67624838403.0
1561643102.0
96878804745.0
137486429452.0
26613231553.0
30709507686.0
87669533558.0
97967163658.0
96878804745.0
137486429452.0
26613231553.0
4497650709.0
74620384660.0
504030287160.0
24778360903.0
30709507686.0
87669533558.0
97947322521.0
5189923628.0
28592216056.0
269992979650.0
97967163658.0
240410725878.0
44829309160.0
1802009306.0
98248917601.0
38849622585.0
280374716822.0
74874788959.0
1561643099.0
81820177584.0
403919750806.0
26613231336.0
30709507507.0
849712160896.0
82727889842.0
88129944409.0
743095167164.0
26613231769.0
1561643102.0
67624838403.0
219082145753.0
24778360882.0
30709508044.0
440095315192.0
108782026282.0
1802009306.0
28592216056.0
282406188928.0
88129944409.0
268656796289.0
50451961238.0
1802009295.0
83144293714.0
43722280983.0
250550093627.0
94311003625.0
1561643091.0
97967163658.0
148154990214.0
26613231480.0
30709507776.0
175265888643.0
96162410233.0
97967163658.0
148154990214.0
26613231480.0
1561643099.0
74874788959.0
236708237530.0
24778360727.0
30709507776.0
175265888643.0
98248917601.0
1802009306.0
28592215864.0
261377273000.0
96162410233.0
248651714900.0
44829309100.0
1802009295.0
75093626299.0
38849622504.0
270707906368.0
104421935493.0
1561643094.0
82727889842.0
435074909147.0
26613231264.0
30709507418.0
788699618779.0
82727887421.0
88129944409.0
800579812661.0
26613231769.0
1561643091.0
94311003625.0
226303688043.0
24778360727.0
30709507955.0
408580653380.0
83144293714.0
1802009295.0
28592215838.0
584064886631.0
87162959363.0
278250359924.0
50451961125.0
1802009285.0
82861791155.0
43722280910.0
242246184964.0
94021496721.0
1561643082.0
96162410233.0
91093621013.0
26613231553.0
30709507686.0
162645085444.0
95094103871.0
96162410233.0
91093621013.0
26613231553.0
1561643094.0
104421935493.0
245160948756.0
24778360572.0
30709507686.0
162645085444.0
75093626299.0
1802009295.0
28592215646.0
252714512315.0
95094103871.0
256847941454.0
50451961193.0
1802009285.0
74863107269.0
43722280983.0
500137517717.0
104067142743.0
1561643082.0
82727887421.0
468731606744.0
26613231264.0
30709507418.0
732221844207.0
81820175127.0
136192137030.0
179611968890.0
30709507955.0
5189923628.0
83852806947.0
258820491439.0
28592216223.0
34708071908.0
621216587172.0
133854678266.0
5865683121.0
32315095986.0
352646740251.0
137703051321.0
603775980467.0
50666356693.0
2036641832.0
134215021622.0
44829309100.0
314397315878.0
84058210603.0
1802009306.0
151373146899.0
180456321451.0
30709507686.0
34708071693.0
247252531237.0
153073697765.0
151373146899.0
180456321451.0
30709507686.0
5189923628.0
92132318942.0
611810102761.0
28592216056.0
34708071693.0
247252531237.0
121825767814.0
5865683121.0
32315095801.0
327983579331.0
153073697765.0
293753562959.0
50666356814.0
2036641836.0
122124184170.0
44829309160.0
338038827966.0
92380347861.0
1802009306.0
127844039702.0
476631345369.0
30709507507.0
34708071371.0
1113289036022.0
129262340227.0
137703051321.0
193143516650.0
30709508044.0
1802009306.0
84058210603.0
266869051548.0
28592216056.0
34708072016.0
630549747705.0
134215021622.0
2036641832.0
32315095832.0
341580141349.0
137703051321.0
324949768636.0
57021112142.0
2036641824.0
102583245324.0
50451961238.0
305200887754.0
117229326702.0
1802009295.0
153073697765.0
194120230628.0
30709507776.0
34708071693.0
229642312335.0
150253780375.0
153073697765.0
194120230628.0
30709507776.0
1802009306.0
92380347861.0
286306869975.0
28592215864.0
34708071693.0
229642312335.0
122124184170.0
2036641836.0
32315095616.0
318389728796.0
150253780375.0
302888430736.0
50666356741.0
2036641824.0
93341974662.0
44829309100.0
327430660113.0
128835551364.0
1802009295.0
129262340227.0
512539635846.0
30709507418.0
34708071371.0
228486867137.0
129262335462.0
137703051321.0
1048916059214.0
30709507955.0
1802009295.0
117229326702.0
274910455224.0
28592215838.0
34708071908.0
586373716463.0
102583245324.0
2036641824.0
32315095570.0
708958981655.0
136192137030.0
335477561283.0
57021112087.0
2036641811.0
102307821226.0
50451961125.0
295996278976.0
116942869227.0
1802009285.0
150253780375.0
209006424313.0
30709507686.0
34708071586.0
213478044076.0
148584546101.0
150253780375.0
209006424313.0
30709507686.0
1802009295.0
128835551364.0
295582711589.0
28592215646.0
34708071586.0
213478044076.0
93341974662.0
2036641824.0
32315095416.0
308787342967.0
148584546101.0
312015176149.0
57021112223.0
2036641815.0
93113882917.0
50451961193.0
607084916362.0
128489648836.0
1802009285.0
129262335462.0
614130030260.0
30709507418.0
34708071478.0
212479175490.0
127844030209.0
212800223706.0
227821699100.0
34708071908.0
5865683121.0
42801742626.0
677334824354.0
32315095986.0
38497335300.0
855259170648.0
159663309848.0
6506070699.0
35843105583.0
411844071547.0
215161027492.0
710343220046.0
56197870219.0
2258992772.0
159991226482.0
50666356693.0
370207092160.0
101102203917.0
2036641832.0
236520552804.0
228690339063.0
34708071693.0
38497335049.0
311272440451.0
1596619481359.0
236520552804.0
228690339063.0
34708071693.0
5865683121.0
109896427804.0
719795368942.0
32315095801.0
38497335049.0
311272440451.0
81878296040.0
6506070699.0
35843105314.0
386205101887.0
1596619481359.0
668440267220.0
56197870275.0
2258992767.0
146886592993.0
50666356814.0
394783990517.0
110122137055.0
2036641836.0
199756321043.0
604564172681.0
34708071371.0
38497334672.0
309912878976.0
201972406721.0
215161027492.0
244148148713.0
34708072016.0
2036641832.0
101102203917.0
315215128698.0
32315095832.0
38497335300.0
797063014302.0
159991226482.0
2258992772.0
35843105314.0
858633275331.0
215161027492.0
731244176357.0
63246407881.0
2258992757.0
122284517287.0
57021112142.0
360491174993.0
140999232328.0
2036641824.0
1596619481359.0
245146021043.0
34708071693.0
38497334923.0
290005318407.0
234771531885.0
1596619481359.0
245146021043.0
34708071693.0
2036641836.0
110122137055.0
740974460615.0
32315095616.0
38497334923.0
290005318407.0
146886592993.0
2258992767.0
35843105134.0
376069313594.0
234771531885.0
357759790772.0
56197870219.0
2258992762.0
112268383037.0
50666356741.0
735251690399.0
153578617494.0
2036641824.0
201972406721.0
647889216837.0
34708071371.0
38497334798.0
288824841443.0
201972406550.0
215161027492.0
261974197067.0
34708071908.0
2036641824.0
140999232328.0
323710777028.0
32315095570.0
38497335300.0
743762552226.0
122284517287.0
2258992757.0
35843105134.0
834091164228.0
212800223706.0
391792772315.0
63246407786.0
2258992747.0
122033878547.0
57021112087.0
672103590550.0
70264149354.0
2036641811.0
234771531885.0
263123444208.0
34708071586.0
38497335049.0
270538410150.0
232163361725.0
234771531885.0
263123444208.0
34708071586.0
2036641824.0
153578617494.0
345200934350.0
32315095416.0
38497335049.0
270538410150.0
112268383037.0
2258992762.0
35843104954.0
784888330548.0
232163361725.0
367402091228.0
63246407881.0
2258992747.0
56764034988.0
57021112223.0
714236186516.0
153263842792.0
2036641815.0
201972406550.0
695193714011.0
34708071478.0
38497334672.0
269510810925.0
199756302906.0
332500334446.0
278776600457.0
38497335300.0
6506070699.0
49928663428.0
780301059448.0
35843105583.0
41994130875.0
1036185923342.0
103004081227.0
7097031062.0
39098811769.0
1002337046723.0
336189090083.0
812149173220.0
61302443363.0
2464181932.0
103160397405.0
56197870219.0
423639982320.0
49998915792.0
2258992772.0
369563346864.0
279608329548.0
38497335049.0
41994130589.0
376749690722.0
373715074647.0
369563346864.0
279608329548.0
38497335049.0
6506070699.0
53845211581.0
822955993314.0
35843105314.0
41994130589.0
376749690722.0
95511856158.0
7097031062.0
39098811564.0
441947026746.0
373715074647.0
770054381049.0
61302443427.0
2464181932.0
95646243648.0
56197870275.0
858305876867.0
53926926852.0
2258992767.0
312119237460.0
739781781591.0
38497334672.0
41994130303.0
375473749756.0
315581867355.0
336189090083.0
297252924976.0
38497335300.0
2258992772.0
49998915792.0
799109527100.0
35843105314.0
41994130875.0
970432557611.0
103160397405.0
2464181932.0
39098811564.0
977907620211.0
336189090083.0
832822660463.0
68991214823.0
2464181921.0
71518351131.0
63246407881.0
792937783077.0
82079162825.0
2258992757.0
373715074647.0
298198742690.0
38497334923.0
41994130589.0
352766168353.0
366830497384.0
373715074647.0
298198742690.0
38497334923.0
2258992767.0
53926926852.0
843904586979.0
35843105134.0
41994130589.0
352766168353.0
95646243648.0
2464181932.0
39098811359.0
925999572399.0
366830497384.0
788615847606.0
61302443363.0
2464181921.0
66308989027.0
56197870219.0
837386864622.0
88527460099.0
2258992762.0
315581867355.0
788811898584.0
38497334798.0
41994130303.0
351647266548.0
315581867221.0
336189090083.0
317393820021.0
38497335300.0
2258992757.0
82079162825.0
370432738181.0
35843105134.0
41994130875.0
910113464501.0
71518351131.0
2464181921.0
39098811359.0
953632605897.0
332500334446.0
853627646146.0
68991214751.0
2464181910.0
71409978494.0
63246407786.0
774274590311.0
81963836389.0
2258992747.0
366830497384.0
318472384467.0
38497335049.0
41994130589.0
330773894368.0
362755231946.0
366830497384.0
318472384467.0
38497335049.0
2258992762.0
88527460099.0
864986433230.0
35843104954.0
41994130589.0
330773894368.0
66308989027.0
2464181921.0
39098811154.0
904204512134.0
362755231946.0
420430129026.0
68991214823.0
2464181910.0
66215818604.0
63246407881.0
816600076800.0
88393316155.0
2258992747.0
315581867221.0
842259239304.0
38497334672.0
41994130303.0
329789958341.0
312119219157.0
519531765612.0
3412962270180.0
41994130875.0
7097031062.0
56625706612.0
202709834618.0
39098811769.0
45146398414.0
1209352727013.0
115657287011.0
7629766007.0
42033743761.0
39540430286.0
525295445943.0
66864952442.0
65904079365.0
2649154467.0
115783364257.0
61302443363.0
59105470897.0
56683516689.0
2464181932.0
577442721458.0
330230875147.0
41994130589.0
45146398254.0
439334114635.0
583929871363.0
577442721458.0
330230875147.0
41994130589.0
7097031062.0
60459653790.0
212206666258.0
39098811564.0
45146398254.0
439334114635.0
108323074831.0
7629766007.0
42033743532.0
37697577949.0
583929871363.0
63872563047.0
65904079509.0
2649154467.0
108433661455.0
61302443427.0
61994850499.0
60525562143.0
2464181932.0
487686301998.0
1945523297031.0
41994130303.0
45146397935.0
438222718526.0
493096724170.0
525295445943.0
3616463789835.0
41994130875.0
2464181932.0
56683516689.0
206899548009.0
39098811564.0
45146398573.0
2578307299000.0
115783364257.0
2649154467.0
42033743532.0
38714508795.0
525295445943.0
68313099853.0
74170004450.0
2649154454.0
80269517523.0
68991214823.0
57927269146.0
93052729528.0
2464181921.0
583929871363.0
349968306326.0
41994130589.0
45146398095.0
414009052322.0
573172718120.0
583929871363.0
349968306326.0
41994130589.0
2464181932.0
60525562143.0
216802597159.0
39098811359.0
45146398095.0
414009052322.0
108433661455.0
2649154467.0
42033743326.0
36946117882.0
573172718120.0
65192714090.0
65904079365.0
2649154460.0
75174164723.0
61302443363.0
60699901894.0
99359903366.0
2464181921.0
493096724170.0
2061527200879.0
41994130303.0
45146397776.0
4248712336493.0
493096688674.0
525295445943.0
370436495163.0
41994130875.0
2464181921.0
93052729528.0
211107747779.0
39098811359.0
45146398414.0
2433223735615.0
80269517523.0
2649154454.0
42033743326.0
37893811623.0
519531765612.0
69770465286.0
74170004369.0
2649154448.0
80182109152.0
68991214751.0
56754243359.0
92957828687.0
2464181910.0
573172718120.0
371375971153.0
41994130589.0
45146398095.0
390659872266.0
566805074612.0
573172718120.0
371375971153.0
41994130589.0
2464181921.0
99359903366.0
221427783333.0
39098811154.0
45146398095.0
390659872266.0
75174164723.0
2649154460.0
42033743144.0
36197959111.0
566805074612.0
66518689478.0
74170004450.0
2649154442.0
75097495215.0
68991214823.0
59413144241.0
99251708918.0
2464181910.0
493096688674.0
983017121537.0
41994130303.0
45146397935.0
4009633618494.0
487686267020.0
811768498934.0
3907672006648.0
45146398414.0
7629766007.0
62671089946.0
222762997286.0
42033743761.0
47930989528.0
3088446481822.0
126773803061.0
8100363408.0
44626348877.0
42860349046.0
820774251693.0
72968558111.0
69968986312.0
2812552034.0
126870716359.0
65904079365.0
64552721510.0
62716396230.0
2649154467.0
902254381159.0
332330578437.0
45146398254.0
47930989179.0
42270480054.0
912390407438.0
902254381159.0
332330578437.0
45146398254.0
7629766007.0
66270794006.0
231577437899.0
42033743532.0
47930989179.0
42270480054.0
119887690100.0
8100363408.0
44626348752.0
41171844321.0
912390407438.0
70191185447.0
69968986391.0
2812552041.0
119974356735.0
65904079509.0
67200101594.0
66321456631.0
2649154467.0
762009954978.0
2227527348635.0
45146397935.0
47930989004.0
5089354781405.0
770463617804.0
820774251693.0
4112083232492.0
45146398573.0
2649154467.0
62716396230.0
226654616479.0
42033743532.0
47930989353.0
2931652251636.0
126870716359.0
2812552034.0
44626348702.0
42104386879.0
820774251693.0
74294657721.0
78744746458.0
2812552027.0
87956083073.0
74170004450.0
63458248696.0
102956418349.0
2649154454.0
912390407438.0
349745082447.0
45146398095.0
47930989179.0
40120762247.0
895582356043.0
912390407438.0
349745082447.0
45146398095.0
2649154467.0
66321456631.0
235786029659.0
42033743326.0
47930989179.0
40120762247.0
119974356735.0
2812552041.0
44626348577.0
40473786919.0
895582356043.0
71417408414.0
69968986234.0
2812552027.0
83175021467.0
65904079365.0
66014840953.0
108874552199.0
2649154460.0
770463617804.0
2344049764880.0
45146397776.0
47930988830.0
4830978436162.0
770463548987.0
820774251693.0
4332010723735.0
45146398414.0
2649154454.0
102956418349.0
230563759149.0
42033743326.0
47930989528.0
2785920125941.0
87956083073.0
2812552027.0
44626348502.0
41352856840.0
811768498934.0
75628577508.0
78744746502.0
2812552013.0
87888893439.0
74170004369.0
62368682753.0
102882043002.0
2649154448.0
895582356043.0
368484828262.0
45146398095.0
47930989179.0
38123070038.0
885632976079.0
895582356043.0
368484828262.0
45146398095.0
2649154460.0
108874552199.0
240019440580.0
42033743144.0
47930989179.0
38123070038.0
83175021467.0
2812552027.0
44626348252.0
39778859059.0
885632976079.0
72649153621.0
78744746590.0
2812552013.0
83114934648.0
74170004450.0
64836528835.0
108791384508.0
2649154442.0
770463548987.0
2469417125730.0
45146397935.0
47930988830.0
4590830963720.0
762009819846.0
1268388112137.0
369506345619.0
47930989528.0
8100363408.0
7734843292.0
240336462307.0
44626348877.0
50348441425.0
1185190894266.0
47397722189.0
8508914099.0
46877127681.0
45674952268.0
1282459597088.0
78229263704.0
73497948688.0
2954406180.0
136309422592.0
69968986312.0
69256831784.0
67986974458.0
2812552034.0
1409772282476.0
369941102259.0
47930989179.0
50348441050.0
46380977312.0
9516594282150.0
1409772282476.0
369941102259.0
47930989179.0
8100363408.0
8106509181.0
248273131436.0
44626348752.0
50348441050.0
46380977312.0
45224639275.0
8508914099.0
46877127465.0
44172134811.0
9516594282150.0
75728470848.0
73497948645.0
2954406172.0
130056796374.0
69968986391.0
71613075998.0
71255524491.0
2812552041.0
1190640397470.0
814868417872.0
47930989004.0
50348440862.0
46321411163.0
1203849350056.0
1282459597088.0
386102482515.0
47930989353.0
2812552034.0
67986974458.0
243843551799.0
44626348702.0
50348441238.0
1133252483037.0
136309422592.0
2954406180.0
46877127465.0
45002842507.0
1282459597088.0
79409083467.0
82716324035.0
2954406165.0
94499686672.0
78744746458.0
68270768447.0
111608697921.0
2812552027.0
9516594282150.0
386577197534.0
47930989179.0
50348441238.0
44345933130.0
1399347368033.0
9516594282150.0
386577197534.0
47930989179.0
2812552041.0
71255524491.0
252017481072.0
44626348577.0
50348441238.0
44345933130.0
130056796374.0
2954406172.0
46877127331.0
43543221286.0
1399347368033.0
76833531713.0
73497948688.0
2954406172.0
90164908202.0
69968986234.0
70559286022.0
116974410902.0
2812552027.0
1203849350056.0
851467696715.0
47930988830.0
50348440862.0
44291476702.0
1203849348055.0
1282459597088.0
403798053284.0
47930989528.0
2812552027.0
111608697921.0
247365488327.0
44626348502.0
50348441425.0
1084541028962.0
94499686672.0
2954406165.0
46877127331.0
44334212563.0
1268388112137.0
80595043095.0
82716323845.0
2954406158.0
2814685847.0
78744746502.0
67288861467.0
45649892158.0
2812552013.0
1399347368033.0
404317302310.0
47930989179.0
50348441050.0
42437535146.0
1383801463008.0
1399347368033.0
404317302310.0
47930989179.0
2812552027.0
116974410902.0
255781316091.0
44626348252.0
50348441050.0
42437535146.0
90164908202.0
2954406172.0
46877127142.0
42916958590.0
1383801463008.0
77943270767.0
82716324035.0
2954406158.0
2685638594.0
78744746590.0
69510951968.0
47843408987.0
2812552013.0
1203849348055.0
890491561594.0
47930988830.0
50348440862.0
42387661766.0
1190640391598.0
1981856195781.0
402107358011.0
50348441425.0
8508914099.0
8246914331.0
255392916953.0
46877127681.0
52416563227.0
1272203053608.0
50135880294.0
8858427824.0
48802661258.0
48015803756.0
2003842891102.0
82669558453.0
76516963956.0
3075761913.0
50153718048.0
73497948688.0
73234251789.0
8249736348.0
2954406180.0
2202768940049.0
402436747058.0
50348441050.0
52416563028.0
49766058830.0
2227514980932.0
2202768940049.0
402436747058.0
50348441050.0
8508914099.0
8574820796.0
262365119698.0
46877127465.0
52416563028.0
49766058830.0
48218653136.0
8858427824.0
48802661030.0
46708940677.0
2227514980932.0
80472662711.0
76516964000.0
3075761905.0
48235152378.0
73497948645.0
75283261865.0
8577871709.0
2954406172.0
1860375405677.0
886763083016.0
50348440862.0
52416562828.0
49722151317.0
1881014395151.0
2003842891102.0
417345263105.0
50348441238.0
2954406180.0
8249736348.0
258476467518.0
46877127465.0
52416563227.0
1224953418112.0
50153718048.0
3075761913.0
48802661058.0
47431920818.0
2003842891102.0
83695276485.0
86113994985.0
3075761905.0
2978349110.0
82716324035.0
72367658952.0
48688713994.0
2954406165.0
2227514980932.0
417700100685.0
50348441238.0
52416562828.0
47916175593.0
2186480018109.0
2227514980932.0
417700100685.0
50348441238.0
2954406172.0
8577871709.0
265620401333.0
46877127331.0
52416562828.0
47916175593.0
48235152378.0
3075761905.0
48802660830.0
46156225794.0
2186480018109.0
81444269033.0
76516963732.0
3075761897.0
2864416234.0
73497948688.0
74367801508.0
50625319889.0
2954406172.0
1881014395151.0
920367065247.0
50348440862.0
52416562628.0
47875470585.0
1881014394173.0
2003842891102.0
433443354074.0
50348441425.0
2954406165.0
48688713994.0
261571688201.0
46877127331.0
52416563227.0
1180228521054.0
2978349110.0
3075761905.0
48802660830.0
46850623672.0
1981856195781.0
84725557155.0
86113995035.0
3075761889.0
2977289771.0
82716323845.0
71504334028.0
48672058939.0
2954406158.0
2186480018109.0
433826104643.0
50348441050.0
52416563028.0
46165251099.0
2162189541959.0
2186480018109.0
433826104643.0
50348441050.0
2954406172.0
50625319889.0
268890163774.0
46877127142.0
52416563028.0
46165251099.0
2864416234.0
3075761897.0
48802660601.0
45605594945.0
2162189541959.0
82419553077.0
86113994985.0
3075761889.0
2863436366.0
82716324035.0
73456395070.0
50607313815.0
2954406158.0
1881014394173.0
955868011136.0
50348440862.0
52416562628.0
46127464554.0
1860375150801.0
3096651937409.0
429463567651.0
52416563227.0
8858427824.0
8674803037.0
268070201930.0
48802661258.0
54164208895.0
1341911813705.0
52375360708.0
9153780896.0
50429814093.0
49936072755.0
3131006167357.0
86359380173.0
79068152594.0
3178312360.0
52387818123.0
76516963956.0
76544479043.0
8676801151.0
3075761913.0
3441828282022.0
429703970246.0
52416563028.0
7176256392334.0
52477870519.0
3480493867846.0
3441828282022.0
429703970246.0
52416563028.0
8858427824.0
8957842758.0
274075360089.0
48802661030.0
7176256392334.0
52477870519.0
50720463668.0
9153780896.0
50429813942.0
48820209833.0
3480493867846.0
84467193540.0
79068152642.0
3178312360.0
50732145708.0
76516964000.0
78294022967.0
8959973403.0
3075761905.0
2906838102865.0
947091422514.0
52416562828.0
54164208476.0
52446614238.0
2939085516219.0
3131006167357.0
443008433446.0
52416563227.0
3075761913.0
8676801151.0
270728182265.0
48802661058.0
54164208895.0
1300277594538.0
52387818123.0
3178312360.0
50429813942.0
49437975652.0
3131006167357.0
87235030160.0
79068152547.0
3178312351.0
3111019830.0
86113994985.0
75797866630.0
51209186531.0
3075761905.0
3480493867846.0
443264243846.0
52416562828.0
54164208686.0
50848748469.0
3416375626428.0
3480493867846.0
443264243846.0
52416562828.0
3075761905.0
8959973403.0
276854376706.0
48802660830.0
54164208686.0
50848748469.0
50732145708.0
3178312360.0
50429813792.0
48344018656.0
3416375626428.0
85304705426.0
79068152594.0
3178312351.0
3012698708.0
76516963732.0
77513064334.0
52880426745.0
3075761897.0
2939085516219.0
976961762732.0
52416562628.0
54164208476.0
50819402565.0
2939085514311.0
3131006167357.0
457193335415.0
52416563227.0
3075761905.0
51209186531.0
273394866839.0
48802660830.0
54164208895.0
1260521950661.0
3111019830.0
3178312351.0
50429813792.0
48941725390.0
3096651937409.0
88113938625.0
88985162765.0
3178312343.0
3110280007.0
86113995035.0
75053691401.0
51197393898.0
3075761889.0
3416375626428.0
457465792904.0
52416563028.0
54164208686.0
49293191183.0
3378421760923.0
3416375626428.0
457465792904.0
52416563028.0
3075761897.0
52880426745.0
279643734676.0
48802660601.0
54164208686.0
49293191183.0
3012698708.0
3178312351.0
50429813642.0
47869381846.0
3378421760923.0
86144960400.0
88985162818.0
3178312343.0
3012004903.0
86113994985.0
76735001789.0
52867852063.0
3075761889.0
2939085514311.0
1008243579053.0
52416562628.0
54164208476.0
49265612634.0
2906837084856.0
4838517192812.0
451933671304.0
54164208895.0
9153780896.0
9027406628.0
278604680792.0
50429814093.0
55626034639.0
1396739743696.0
54186425989.0
9400830234.0
51790853040.0
51496391528.0
4892195650104.0
89390969154.0
81202105243.0
3264091118.0
54194959039.0
79068152594.0
79267762817.0
9028791404.0
3178312360.0
5377855053568.0
452104021473.0
7176256392334.0
55626034421.0
54611150374.0
5438272146180.0
5377855053568.0
452104021473.0
7176256392334.0
9153780896.0
9267592186.0
283696594958.0
50429813942.0
55626034421.0
54611150374.0
52782091758.0
9400830234.0
51790852884.0
50557125606.0
5438272146180.0
87786539966.0
81202105292.0
3264091118.0
52790188207.0
79068152642.0
80740423481.0
9269051664.0
3178312360.0
4541933165793.0
996644507320.0
54164208476.0
55626034203.0
54589482770.0
4592322317071.0
4892195650104.0
463674321818.0
54164208895.0
3178312360.0
9028791404.0
280860042404.0
50429813942.0
55626034421.0
1360934208708.0
54194959039.0
3264091118.0
51790852884.0
51077451347.0
4892195650104.0
90127941764.0
91386763321.0
3264091110.0
3218335847.0
79068152547.0
78634561959.0
53286580481.0
3178312351.0
5438272146180.0
463853644551.0
54164208686.0
55626034421.0
53210647765.0
5338088320273.0
5438272146180.0
463853644551.0
54164208686.0
3178312360.0
9269051664.0
286035496659.0
50429813792.0
55626034421.0
53210647765.0
52790188207.0
3264091118.0
51790852821.0
50153268603.0
5338088320273.0
88497189905.0
81202105243.0
3264091118.0
3134914356.0
79068152594.0
80083573956.0
54704560684.0
3178312351.0
4592322317071.0
1022536042773.0
54164208476.0
55626034203.0
53190077030.0
4592321308195.0
4892195650104.0
475873373798.0
54164208895.0
3178312351.0
53286580481.0
283121653961.0
50429813792.0
55626034639.0
1326474131525.0
3218335847.0
3264091110.0
51790852790.0
50659792764.0
4838517192812.0
90867175588.0
91386763266.0
3264091101.0
3217829090.0
88985162765.0
78003110945.0
53278407792.0
3178312343.0
5338088320273.0
476062258371.0
54164208686.0
55626034421.0
51862798296.0
5278785366678.0
5338088320273.0
476062258371.0
54164208686.0
3178312351.0
54704560684.0
288381574478.0
50429813642.0
55626034421.0
51862798296.0
3134914356.0
3264091118.0
51790852665.0
49750527661.0
5278785366678.0
89209808969.0
81202105341.0
3264091110.0
3134433527.0
88985162818.0
79428733696.0
54695947287.0
3178312343.0
4592321308195.0
1049438482480.0
54164208476.0
55626034203.0
51843255958.0
4541933143917.0
7560185127639.0
470121663582.0
55626034639.0
9400830234.0
9315120591.0
287273084247.0
51790853040.0
56838529869.0
1439396285691.0
55640434164.0
9605742615.0
52919751972.0
52756144238.0
7644057758988.0
91861658186.0
82972088925.0
56163548142.0
55646191828.0
81202105243.0
81489660160.0
9316064187.0
3264091118.0
8402900792650.0
470239626407.0
55626034421.0
56838529869.0
56271374992.0
8497300694008.0
8402900792650.0
470239626407.0
55626034421.0
9400830234.0
9516273559.0
291537722947.0
51790852884.0
56838529869.0
56271374992.0
54464318494.0
9605742615.0
52919751811.0
51974255763.0
8497300694008.0
90517898053.0
82972089077.0
3335239375.0
54469835309.0
81202105292.0
82715570953.0
9517258325.0
3264091118.0
7096772461980.0
1036754288623.0
55626034203.0
56838529644.0
56256649624.0
7175502062983.0
7644057758988.0
480104587320.0
55626034421.0
3264091118.0
9316064187.0
289163175549.0
51790852884.0
56838530094.0
1409158812331.0
55646191828.0
56163548142.0
52919751907.0
52407629492.0
7644057758988.0
92475087287.0
93378744791.0
3335239375.0
3304516456.0
91386763321.0
80959254500.0
54982021583.0
3264091110.0
8497300694008.0
480227609295.0
55626034421.0
56838529644.0
55088976367.0
8340761179183.0
8497300694008.0
480227609295.0
55626034421.0
3264091118.0
9517258325.0
293484539543.0
51790852821.0
56838529644.0
55088976367.0
54469835309.0
3335239375.0
52919751746.0
51635961997.0
8340761179183.0
91113453223.0
82972088774.0
3335239366.0
3234659215.0
81202105243.0
82169140127.0
56169439527.0
3264091118.0
7175502062983.0
1058769523845.0
55626034203.0
56838529644.0
55074863252.0
7175503997044.0
7644057758988.0
490406584187.0
55626034639.0
3264091110.0
54982021583.0
291057631990.0
51790852790.0
56838529869.0
1379857853061.0
3304516456.0
3335239375.0
52919751746.0
52059985603.0
7560185127639.0
93090053027.0
93378744905.0
3335239366.0
3304174507.0
91386763266.0
80430070996.0
54976452610.0
3264091101.0
8340761179183.0
490534943099.0
55626034421.0
56838529869.0
53943211273.0
8248100362813.0
8340761179183.0
490534943099.0
55626034421.0
3264091118.0
56169439527.0
295436231889.0
51790852665.0
56838529869.0
53943211273.0
3234659215.0
3335239366.0
52919751488.0
51298447300.0
8248100362813.0
91710384353.0
93378744791.0
3335239357.0
3234331569.0
81202105341.0
81624075088.0
56163627291.0
3264091110.0
7175503997044.0
1081488403550.0
55626034203.0
56838529418.0
53929679124.0
7096770563007.0
11812794989091.0
484704447133.0
56838529869.0
9605742615.0
9548289802.0
294354461369.0
52919751972.0
57837299207.0
1472406878423.0
56802664750.0
9774535166.0
53849660408.0
53768998155.0
11943846027615.0
93863787532.0
84430078323.0
9774535166.0
56806504988.0
82972088925.0
83291859893.0
9548924293.0
56163548142.0
13129538823570.0
484784690999.0
56838529869.0
57837299207.0
57556680273.0
88630226981710.0
13129538823570.0
484784690999.0
56838529869.0
9605742615.0
9715051738.0
297891802840.0
52919751811.0
57837299207.0
57556680273.0
55827629044.0
9774535166.0
53849660408.0
53123702250.0
88630226981710.0
92749194029.0
84430078323.0
9774535166.0
55831338424.0
82972089077.0
84303609491.0
9715708592.0
3335239375.0
11088712347943.0
1068913543737.0
56838529644.0
57837299207.0
57546819845.0
11211726557555.0
11943846027615.0
493070196913.0
56838530094.0
56163548142.0
9548924293.0
295923024049.0
52919751907.0
57837299207.0
1447214276698.0
56806504988.0
9774535166.0
53849660408.0
53481525555.0
11943846027615.0
94370013954.0
84430078323.0
9774535166.0
3373420990.0
93378744791.0
82851861457.0
56356327204.0
3335239375.0
88630226981710.0
1087545560162.0
56838529644.0
57837299207.0
56571730129.0
13032444678149.0
88630226981710.0
1087545560162.0
56838529644.0
3335239375.0
9715708592.0
299498394779.0
52919751746.0
57837299207.0
56571730129.0
55831338424.0
9774535166.0
53849660408.0
52843070062.0
13032444678149.0
93243437663.0
84430078323.0
9774535166.0
3315511273.0
82972088774.0
83852885492.0
57340663262.0
3335239366.0
11211726557555.0
1087362441635.0
56838529644.0
57837299207.0
56562203743.0
11211718874661.0
11943846027615.0
501653391049.0
56838529869.0
3335239375.0
56356327204.0
297494571934.0
52919751746.0
57837299207.0
1422659897639.0
3373420990.0
9774535166.0
53849660408.0
53194635761.0
11812794989091.0
94877269364.0
84430078323.0
9774535166.0
3373192908.0
93378744905.0
82412698813.0
56352582534.0
3335239366.0
13032444678149.0
1106480426692.0
56838529869.0
57837299207.0
55611738203.0
12887657699619.0
13032444678149.0
1106480426692.0
56838529869.0
3335239366.0
57340663262.0
301108251293.0
52919751488.0
57837299207.0
55611738203.0
3315511273.0
9774535166.0
53849660408.0
52562970926.0
12887657699619.0
93738622058.0
84430078323.0
9774535166.0
3315290945.0
93378744791.0
83403075569.0
57336786676.0
3335239357.0
11211718874661.0
1106290866422.0
56838529418.0
57837299207.0
55602531922.0
11088697094964.0
