71287.79124686317
73708.67351131441
75744.98087739802
61866.019285462986
63156.455093293545
64301.173686670496
67840.94762396647
75744.98087739805
59838.220903135145
61693.547289851194
61866.01928546298
59369.56649276598
53469.851099108884
71287.7912468632
54224.481803453724
60927.02157965077
70206.65872203992
61693.54728985122
60927.02157965074
52890.66601946042
58612.95102105233
61866.01928546298
71287.79124686321
64816.65922672553
75744.98087739805
63006.84542405867
59838.22090313512
66833.23468735284
70286.20017376938
61390.62977979105
74813.96368701596
65608.8864258578
60649.13151672654
52799.33296146664
59961.35699450424
60173.71479804522
59524.37703198741
64944.85291887044
65608.88642585781
59961.35699450424
51987.0349512933
64269.09533215455
66915.96175635139
60769.65374956186
68045.32698493294
59816.31066028126
69209.61897071262
52474.37759003392
60649.13151672656
65608.8864258578
70286.20017376942
73156.49950032236
74813.96368701599
74813.96368701599
59524.37703198736
70286.20017376942
77874.97862154056
64099.199594002595
61244.57951367085
69758.8420939221
65975.19046444743
59376.00167665731
65632.19195290198
61244.579513670906
61990.19766403149
63251.18368791141
69971.76933587385
65632.19195290198
58449.71305195194
77874.9786215406
56737.446627418896
60206.0159475195
69758.84209392204
63251.18368791142
53226.11559444602
53341.375364866995
70763.0703271001
69758.84209392204
69592.38178027183
64099.19959400257
61244.57951367089
71345.86865270213
64302.09719285322
77874.97862154062
67996.40876662485
63734.51033442069
59854.89527721471
72728.08349833859
62219.75284310289
55987.46658977737
56066.82850550078
69787.85120439206
61457.46815525815
66624.9548978745
69596.66464826837
60944.461951677906
56182.79394314381
76532.54457962522
58285.05169121725
64444.97198059747
72728.08349833857
73043.19321404814
64444.97198059747
56738.399125188
62219.75284310291
72728.08349833857
76532.54457962522
63734.510334420615
59854.895277214724
59854.895277214724
61161.528123699616
76532.54457962519
62767.652331650694
62376.81291067388
78701.50958501574
66696.48141429275
64616.99531576617
57284.224205053906
64414.42608719753
78701.50958501564
68082.85836098263
53650.970909996795
66696.48141429276
71897.1442773926
57852.722004020856
62767.65233165067
54699.58542253842
61951.62709107774
66696.48141429276
59487.41343815903
61951.627091077724
56915.51122557781
64616.99531576619
70118.26664625476
62767.65233165067
62376.812910673885
68120.45878457084
78701.50958501565
63287.95881179123
70227.01425315702
61131.6920393374
61983.95859671119
65882.97074489974
69702.88888195214
57133.284463920296
53992.05066045824
60922.57163357669
77574.96325895496
60568.819463725165
63443.11329682183
69702.88888195217
60922.571633576714
55343.44573322191
69409.50326175719
56192.02042730382
73801.3942535894
69702.88888195214
63443.11329682183
65382.104202830094
60491.30081014567
59562.978666984964
69871.66533811986
61131.69203933743
61983.95859671118
77574.96325895497
77574.96325895499
67141.38038830378
61131.692039337424
69454.81457707997
54219.7236758332
64365.01119185868
71235.54738085181
66000.38807309546
60580.31143146456
66488.52146469854
64365.01119185874
67135.71734850455
65687.44433619415
74089.87678424304
66488.52146469856
61966.225750528516
69454.81457708
45827.909341274724
58628.27742966877
74089.87678424305
62958.31462537759
64338.913841462
61324.74275558261
66000.38807309544
74089.87678424305
73939.6577645734
62928.04619144452
76522.46100844542
64365.01119185872
67135.71734850454
69454.81457708002
71752.85612194322
60381.648162670666
73804.2567479981
69446.17195271746
66788.38779464678
48768.24448307234
65790.5750253289
63368.92713593156
66740.39096668271
64851.043033441354
77417.66116419343
60748.208919711265
60469.52073897599
68270.30855830539
58716.4711142887
65270.706646971346
77417.66116419339
64851.04303344142
65270.706646971346
61031.970909935066
65239.18933173561
77417.66116419339
68270.3085583054
53222.677468803966
63368.92713593156
63368.92713593156
66740.39096668277
68270.30855830539
