68749.99999999997
62499.99999999997
68749.99999999997
68749.99999999996
62500.0
56250.00000000003
62499.99999999994
68749.99999999996
62500.00000000003
62499.99999999997
68749.99999999997
62499.99999999994
56249.999999999985
68749.99999999996
56250.000000000015
62499.99999999998
68749.99999999997
62499.99999999997
62499.999999999956
56249.99999999996
62499.999999999985
68749.99999999997
68749.99999999994
62500.000000000015
68749.99999999996
68749.99999999996
62500.000000000015
68749.99999999994
68749.99999999997
62499.99999999997
68749.99999999997
68749.99999999996
62500.0
56250.00000000003
62499.99999999994
68749.99999999996
62500.00000000003
62499.99999999997
68749.99999999997
62499.99999999994
56249.999999999985
68749.99999999996
56250.000000000015
62499.99999999998
68749.99999999997
62499.99999999997
62499.999999999956
56249.99999999996
62499.999999999985
68749.99999999997
68749.99999999994
62500.000000000015
68749.99999999996
68749.99999999996
62500.000000000015
68749.99999999994
68749.99999999997
62499.99999999997
68749.99999999997
68749.99999999996
62500.0
56250.00000000003
62499.99999999994
68749.99999999996
62500.00000000003
62499.99999999997
68749.99999999997
62499.99999999994
56249.999999999985
68749.99999999996
56250.000000000015
62499.99999999998
68749.99999999997
62499.99999999997
62499.999999999956
56249.99999999996
62499.999999999985
68749.99999999997
68749.99999999994
62500.000000000015
68749.99999999996
68749.99999999996
62500.000000000015
68749.99999999994
68749.99999999997
62499.99999999997
68749.99999999997
68749.99999999996
62500.0
56250.00000000003
62499.99999999994
68749.99999999996
62500.00000000003
62499.99999999997
68749.99999999997
62499.99999999994
56249.999999999985
68749.99999999996
56250.000000000015
62499.99999999998
68749.99999999997
62499.99999999997
62499.999999999956
56249.99999999996
62499.999999999985
68749.99999999997
68749.99999999994
62500.000000000015
68749.99999999996
68749.99999999996
62500.000000000015
68749.99999999994
68749.99999999997
62499.99999999997
68749.99999999997
68749.99999999996
62500.0
56250.00000000003
62499.99999999994
68749.99999999996
62500.00000000003
62499.99999999997
68749.99999999997
62499.99999999994
56249.999999999985
68749.99999999996
56250.000000000015
62499.99999999998
68749.99999999997
62499.99999999997
62499.999999999956
56249.99999999996
62499.999999999985
68749.99999999997
68749.99999999994
62500.000000000015
68749.99999999996
68749.99999999996
62500.000000000015
68749.99999999994
68749.99999999997
62499.99999999997
68749.99999999997
68749.99999999996
62500.0
56250.00000000003
62499.99999999994
68749.99999999996
62500.00000000003
62499.99999999997
68749.99999999997
62499.99999999994
56249.999999999985
68749.99999999996
56250.000000000015
62499.99999999998
68749.99999999997
62499.99999999997
62499.999999999956
56249.99999999996
62499.999999999985
68749.99999999997
68749.99999999994
62500.000000000015
68749.99999999996
68749.99999999996
62500.000000000015
68749.99999999994
68749.99999999997
62499.99999999997
68749.99999999997
68749.99999999996
62500.0
56250.00000000003
62499.99999999994
68749.99999999996
62500.00000000003
62499.99999999997
68749.99999999997
62499.99999999994
56249.999999999985
68749.99999999996
56250.000000000015
62499.99999999998
68749.99999999997
62499.99999999997
62499.999999999956
56249.99999999996
62499.999999999985
68749.99999999997
68749.99999999994
62500.000000000015
68749.99999999996
68749.99999999996
62500.000000000015
68749.99999999994
68749.99999999997
62499.99999999997
68749.99999999997
68749.99999999996
62500.0
56250.00000000003
62499.99999999994
68749.99999999996
62500.00000000003
62499.99999999997
68749.99999999997
62499.99999999994
56249.999999999985
68749.99999999996
56250.000000000015
62499.99999999998
68749.99999999997
62499.99999999997
62499.999999999956
56249.99999999996
62499.999999999985
68749.99999999997
68749.99999999994
62500.000000000015
68749.99999999996
68749.99999999996
62500.000000000015
68749.99999999994
