39928.84387866821
36015.54123620599
46350.217164611386
52771.931106816955
44444.58106875515
39208.070011832686
50052.720624887195
46350.21716461135
42918.833459120615
41657.76317443293
52771.931106816905
43712.216285722614
38086.62947307013
39928.84387866817
36225.13725234534
40928.674654329705
44591.11004331127
41657.76317443294
40928.67465432973
37472.13180745159
40910.66448873291
52771.93110681691
39928.84387866817
39672.46317907864
46350.21716461136
46861.71950993228
42918.833459120615
46419.34836277973
40663.03289846606
39628.67910491183
45812.91516793755
50920.77988582047
52796.553593675606
39918.53119060651
46735.27844679892
42766.85528577305
46148.699993639464
35262.41918368996
50920.779885820484
44820.206880895574
41039.077359778574
50170.744540179054
31106.772739286273
42356.83465336063
50517.43932655535
40046.42941453288
43309.31839108301
42663.85531004314
46424.75834214306
50920.77988582046
40663.03289846611
36603.964851777055
45812.915167937594
52307.676987426225
46148.69999363946
48936.13087797679
49352.62473646454
43517.144103836385
44652.35017970027
44536.87019183405
44860.7357697629
41962.26455947571
45449.301076931406
51450.92382310187
44849.946799732
39861.22818890109
44536.87019183407
45449.30107693141
41947.63235826158
48625.238956170215
28707.103101583183
41867.562358025134
51516.41180270631
43484.19501470124
35881.467147791496
41235.37683257382
44860.7357697629
44536.87019183407
49352.6247364645
39953.80455796899
44652.3501797003
44652.35017970029
44849.94679973199
49352.62473646448
36531.842620884185
48744.03859470342
53383.85904538879
52288.00821619839
37820.146405693864
38259.534823217014
47348.598816347796
53383.85904538881
36305.48188983594
43320.703044315254
40323.85740667848
43140.014909139165
37291.819441346284
36531.8426208842
38953.85622637337
41952.56961277119
52546.5328516978
43320.703044315276
48743.31723110685
37222.443080866935
37862.10955517976
52288.00821619839
37954.28683404398
41952.467155572886
53383.85904538883
44865.16689711894
38669.829177237894
44551.027715943645
41332.90895372738
27208.340996312007
58423.65025503867
60526.71542392702
49357.08744441333
38483.59234375733
40751.23074966494
48946.24401312
45503.77517591262
26078.97712613112
49124.6826597666
41191.06090992301
26723.66582083816
17605.73889578419
39873.991074420876
44932.27855168002
42861.802438864186
43792.11846922985
62558.76850430398
48331.849054838
42840.516048029705
60526.71542392701
36109.05425118692
48298.342484453926
58423.65025503866
52602.197209295504
39932.141412934165
40491.411599025996
47826.30721598855
42007.93766545161
56216.74078733322
35048.33470255412
46510.817161230036
42355.957657012776
49435.792273226834
47286.74105102059
40519.388400806245
35313.060201239015
47141.8887301611
42004.33462331172
39317.525487356725
44333.50720653225
29827.547920663626
44305.26336812803
46999.55265368074
31713.547298961807
37808.830436267766
42276.46435529818
46510.817161230065
35048.33470255414
45774.91652485575
42493.19232609581
56216.740787333234
56216.740787333234
54987.53497915693
45774.91652485575
46236.92321545491
45341.68791091314
42811.71413083111
49698.93085571222
43941.44631927929
42016.33416542408
44861.21284176144
42811.71413083112
35473.94683778742
44540.17466411378
48153.992683060416
44861.212841761415
41019.81072684121
46236.92321545487
41581.34331710337
43024.3647609472
49698.930855712235
44540.174664113765
38780.08300858944
29057.575469579962
41676.39168118869
49698.93085571224
50182.46374180089
45341.68791091319
42811.714130831126
51905.86165573581
41975.235472972134
46236.92321545491
43965.31650504083
45116.241988981375
43547.89188495768
59084.21434114582
39882.79967535071
39686.67798690101
39553.62783253559
48472.6593446869
33328.32039090668
44832.47513854518
41645.085137917995
42804.54118384228
30585.42550372561
38364.35884363472
40749.05344890654
44248.60284897056
59084.21434114584
42604.94222626246
52232.603991196374
41808.750896150406
47882.775952628755
59084.21434114584
44540.600108463404
45116.241988981375
43547.89188495768
41119.75143883348
34840.448867633764
38364.35884363469
48199.483337128666
43433.44643061617
52313.8815417656
42105.370231323
44829.48434883319
40680.52902554234
40726.62974765241
46363.71676658333
44777.95748664537
39964.22319993665
49457.11813791858
44157.50130956183
31911.69462054267
45166.09125981904
39291.31747473516
43681.37425189852
42105.370231323
34804.68580786279
43681.374251898524
41025.577874548246
44829.4843488332
42105.370231323
45166.09125981904
43433.44643061611
52313.881541765586
52313.881541765586
43506.15592604896
45166.09125981905
46169.6021463569
45465.03489109961
49209.684703961466
46911.899429462486
35074.830165187755
36326.77354148735
44637.50714162611
49209.684703961444
43190.059327205716
50643.60371532011
46911.89942946249
45794.853820857374
45447.75388535262
46169.60214635687
34859.70303985153
39447.27461882844
49262.94199482936
42539.804244242216
39447.27461882845
32749.444611900974
37060.80306544078
36629.80865051523
46169.60214635686
41253.97513418911
48602.519627795955
42012.123468400976
39001.50845342783
44197.675454894386
46334.81266821853
41658.16305979685
47482.898309360404
47962.82531155098
38183.29405451042
40459.80368162321
48000.18030620762
39299.93272412478
38231.65539629304
46545.25294545467
47962.82531155099
41656.23408737453
36462.34669637196
41073.85120530673
38962.76376121599
34514.632464739385
39916.994472165265
43744.10346540764
42805.07870290602
32436.75842375066
38882.86843231573
48930.46510620764
46334.81266821852
42980.19917621525
54581.861733098456
40444.07305719234
42212.71027237451
48261.35413860409
51247.13223296942
44624.3492065515
53546.21137500694
38606.89193279076
45564.65698570267
41689.998003409106
44984.586758220124
40497.52098979952
43528.78531633919
38390.974241698364
38606.89193279075
44984.58675822011
39987.719524726104
48745.5528270897
39094.69881551898
38215.203612588826
40098.55637614877
40382.83472841651
38088.24351276077
32423.762598506615
44504.51949318737
49352.08220563422
51247.13223296946
48818.40368694722
50720.564209937234
50720.564209937234
42345.58252196906
51247.13223296947
61489.32391556248
48939.69530654434
44341.84221521161
36837.59455444216
39397.34322151489
38158.814198211345
41014.915283635506
44341.84221521156
45016.75271113314
48010.62448478012
44893.21461988259
40283.68711058808
42994.750684700644
61489.3239155625
42544.542097231635
42042.00359074416
36752.46879305862
44222.78690909514
34056.60871568175
26727.03751067517
40854.02568789988
47990.181982469716
44616.42942720934
40965.276430579346
40769.278522345885
47170.91970295334
40859.79326095863
45032.375972831585
40361.36363904218
41554.82896175078
33341.85031551678
43302.21635705995
41913.752303646856
21000.404618014894
20656.744985912188
34603.047732501866
27542.688879346966
57616.168499416635
54816.249662281356
34327.906981520406
30215.764512014044
81366.04742996437
59186.78858842812
48666.93820780803
61249.486640083654
47289.358521578004
52695.02312491464
37652.32582067695
37909.392670152534
32016.98755329326
59402.977810115
55681.64266368671
14579.148146588528
54452.26847063467
36049.17492218535
45275.987366189824
55260.81112057083
43322.95608099789
38223.20316333669
42901.0793518415
39465.48507509912
41770.18156125399
39335.687011931106
53164.597982309315
46075.81942783982
50649.944196045115
44071.79986758
40731.32151075842
32154.118071674464
48686.50474298815
43381.02043713149
41699.363102418836
32682.393068063997
46894.36116970067
39030.71683090414
36989.50225421067
40573.401576176315
44461.356012801625
62921.718100920494
51968.592536107506
43023.08536659495
43023.08536659495
41668.382688223675
62921.718100920494
58493.565022912655
41002.60716967637
38051.89519945263
42093.4590858502
42603.09430672191
39439.296075060476
44777.597449892775
38051.89519945254
46784.86004649791
43297.061272090126
46426.30405626209
44777.597449892746
40131.06879057393
58493.5650229126
34743.41441369364
32047.908147924692
44202.05104337146
47560.98565981479
35448.17877677248
38174.65048819892
45606.98063025284
44202.05104337146
43463.04288930145
43114.33645674131
45089.877273390084
41361.26272685827
43168.00701549228
58493.56502291259
44955.98188253065
41212.10320029655
45433.366509478816
36119.1600847066
38096.8805233752
31195.33662241806
35794.74039596263
40317.7236054096
44862.9163329624
41845.42731007079
49196.11642454478
33681.60005544669
38254.03871050749
59874.17207057301
42807.97699084781
45709.266501404156
46202.28699527343
54233.625542081405
39431.03394406404
35235.30315344379
40724.62864452439
46202.28699527343
47428.6200171581
36093.38421610593
34608.343447083105
33886.52386548272
45144.272042646364
59874.17207057299
41417.965162580236
45986.04805932031
50071.363238293525
49666.10358193087
38844.36464561879
34917.62084496927
42990.77708472506
42271.85706730676
40334.43495111344
40312.01790523745
36709.442078953725
40487.25139258945
44396.94063440803
50608.20195049078
36103.4376613287
40847.94180110967
40097.584402242675
45640.11514856412
40847.94180110967
34887.0211223257
39794.43462446477
40097.584402242675
50608.20195049077
44997.28445652007
51254.68351737832
51254.68351737833
44040.66698615746
50608.20195049077
45532.63351431631
40471.219410331134
51456.87869945237
41626.38892263484
42036.684201807584
36679.64058246069
40500.65270722132
51456.87869945238
48569.20035351818
38530.21284374063
41626.38892263484
45721.81071356297
40854.832223915684
45532.63351431635
35739.273282861264
40972.90832510627
41626.38892263484
39592.14381051195
40972.908325106255
37055.97263791463
42036.68420180759
46272.64180986866
45532.633514316345
40471.21941033112
43593.42409450271
51456.878699452376
42949.494389545
46558.477541593005
37394.141466385605
37734.866672587435
43274.32726676352
46733.372359065404
37276.0863876217
32189.558157810054
38680.71997972129
54156.344955460816
43347.34808864705
39481.20986122002
46733.37235906547
46025.61212530482
42301.79365517347
48093.54917636827
32423.742401030526
45250.735359994265
46733.37235906548
41466.204638023235
38738.47421518909
40610.169045418625
40720.769205450706
38832.42067270545
37394.14146638556
37734.866672587435
43239.98764257863
54156.34495546081
45851.17278778714
45079.53140428141
47014.85458820385
40811.29715430198
44322.80847595113
40605.440299028065
38044.87905043464
36314.93231768771
41601.53620899458
51434.88164475868
43843.51099049327
42418.46922902049
40605.440299028065
41601.5362089946
37774.54505150513
46507.64391562328
37098.34217234561
43764.7972919193
40605.44029902806
42418.4692290205
40483.19519034138
39698.336699707936
39968.52424757599
46257.348158222754
47014.85458820387
40811.29715430195
51434.8816447587
51434.881644758694
48979.38161357739
47014.85458820388
47159.59205749978
41281.83878647533
46070.41802647016
48085.74948782723
45066.8142359706
42115.4776940202
46566.26800842235
46070.418026470215
42617.92760088123
40815.52119377267
44539.34768882835
46437.29606200043
36713.95650985803
47159.59205749986
34057.656233328285
37505.11768559137
44539.34768882835
40744.129068846494
40872.39529176266
40894.123362217506
45066.8142359706
50068.39008499139
43685.78205437196
43814.83642078226
50839.84748387215
46070.4180264702
44682.61634931997
51836.979082387945
46303.020515027594
38893.85771118174
39054.88878193841
47643.77330428272
44658.01093269983
38111.57239952814
41839.71602668053
34071.82102080837
39408.16844225315
46273.40840688748
58011.10918461895
31388.14937181976
30842.885156854667
53305.901388426326
42442.63008135566
54591.394198158385
58011.10918461894
46915.08734588474
44055.22152934522
42934.37190212002
47331.662500647464
56420.82086430413
43189.85470898723
39560.372919981324
50414.619064571176
34071.82102080838
42976.258700519604
48594.279500167286
47790.15342529999
45779.89928587261
51413.131075555444
54033.518780618666
48341.86184971512
33866.83006791551
40397.2341042086
37861.09849167643
40874.744621836624
43411.61436452364
51299.73022417389
35296.734039341914
38539.784018712584
51842.33331221366
41380.76643006836
48852.86888183606
51299.73022417389
43411.614364523644
43895.079397681446
39984.54517174592
47220.54457414309
46487.74411638662
49948.439284482905
43812.214665495834
37861.098491676436
37861.098491676436
36548.6989534062
49948.4392844829
43524.879124859384
38701.503096530185
47741.380575908086
48663.88999978267
44141.41426606171
40236.92960293316
43659.07617292541
47741.3805759081
44025.80909047907
42485.85722966817
46877.02705210326
43659.076172925386
40112.84282856064
43524.87912485942
31722.461765494812
42066.35727434127
46877.02705210326
37659.71031573539
43057.03974045991
40667.09187260122
44141.41426606171
46877.02705210325
50294.83972329237
42501.92960983026
48080.978247175386
47741.3805759081
44025.80909047908
43524.87912485941
49261.79195787502
42640.70245510776
52024.31129914564
49645.84744901082
43145.75923627397
36418.25959234665
44541.85972604057
53933.78487616238
43786.80187810052
38748.46950152356
45595.165293674305
45169.30300600095
39490.8975130904
40990.13972819265
37032.37470583235
43925.821912662985
45595.165293674305
38402.55978361337
43411.16186282249
40423.9499845714
44772.55838052036
45595.165293674305
41589.317028177255
41201.124824536186
44753.62398726461
53933.78487616239
43786.80187810051
40990.139728192655
46847.96165786745
39080.87247851255
43344.181175135964
43023.94929686894
39126.00465460881
42824.363935916335
43928.041943484706
49247.15239206701
40995.384043429855
40934.58551643759
49596.282449244274
49343.20331568988
36271.08787090517
40683.53793492762
35480.35710369256
39893.76909575548
49596.282449244274
40934.58551643759
39893.76909575548
35527.007362058444
43782.2257531115
49596.282449244274
40683.53793492762
43404.034441727454
49247.15239206699
49247.15239206699
40995.38404342983
40683.53793492762
