31613.730931492708
35083.425849173625
38501.65725914814
33787.68639451269
30042.941544153327
31756.531599773796
36592.56263388979
38501.65725914809
30279.012506204996
31100.68315615035
33787.68639451271
31535.202888342046
27172.643178302475
31613.73093149267
27003.09504292902
30027.39772692347
34545.985523029
31100.68315615035
30027.39772692346
26365.857001625296
29305.736908879386
33787.68639451271
31613.730931492668
30374.49632578517
38501.65725914808
31594.841264327984
30279.012506205
34971.276092707485
36947.03642144909
33806.73047471557
35811.19760073049
32212.137514757433
36279.26329973641
28992.575358327947
27829.394687806474
29942.71715604124
30455.413633588763
27670.87652946651
32212.137514757454
29420.124115759176
25793.567710897958
35930.1234685913
30238.789546898024
32013.014700201216
35978.354311370385
29026.87378167778
35638.55780333925
27755.12805313042
32435.586977163253
32212.137514757465
36947.03642144907
34945.31360490571
35811.197600730535
39080.98679704274
30455.413633588778
32618.262693918106
37804.90775473201
29717.964646523746
29785.302521035395
37620.32799921169
34330.386045708314
30160.062185047213
35207.06576517371
31660.65820558986
31407.108406489395
34021.561541576375
37620.32799921164
30709.35470620005
28118.8237405404
32801.515070531364
27522.244719460057
29593.186387134134
32750.933563669565
31226.341028610055
27737.533558389885
27303.311629643325
31993.051555981972
37620.32799921164
37804.907754732034
30671.26100442446
29785.302521035388
32647.095612809437
31407.108406489384
37423.625581357956
36951.395395513144
32835.878524396656
35279.38722268162
31813.446946864547
32464.08552046882
29989.083784712933
32726.381934669545
35198.12943431569
32106.547308626683
29451.633958421105
31813.44694686457
32726.381934669553
29547.186368785347
34610.12079500222
25150.895163608806
31167.497033796368
36568.857686221265
31928.71626465027
27911.56684917493
29247.53454934132
32464.08552046881
31813.44694686457
36951.39539551316
32621.595816434485
35279.38722268161
35279.38722268161
32106.54730862667
36951.395395513166
35721.87497644997
36334.87971181453
34331.377786786456
34614.94294426622
32014.261139894155
30923.4006757046
33334.63670881033
34331.37778678645
27243.25479001152
32668.505204386187
32641.950247779787
33010.38989812149
28997.751689385197
35721.87497644995
29788.88764452813
31547.832047466713
37783.28424943221
32668.50520438619
29517.42525999203
24897.12748329817
31457.59959792951
34614.942944266215
35347.108527624194
35086.68572424512
34331.37778678644
36488.47462981912
29994.10738551041
36520.25316085511
37114.50711151344
39360.62062160646
36194.36156968783
30253.979707488685
34086.69646496394
30653.64264312562
24725.722405013224
38507.52872786573
32372.303751433985
32509.70633718748
32368.27720738432
28786.470876418967
18914.022678276695
41058.82940348616
31835.63504076965
31817.969820373924
33440.981459608374
28516.642485663466
36340.710302723324
30202.9768126573
29701.775403028198
30253.979707488692
36874.64515540909
32881.01092904456
36194.36156968783
28816.503136622283
25235.34992504096
33378.92538748737
38475.485394762545
35508.430496139204
39368.19128600112
29261.704977880516
30139.391068584428
25899.23327358396
25014.795125743643
30054.04375331156
28774.56661831617
31446.425583230604
25703.8112003522
27818.359289398493
25573.743263879504
33339.50673339728
31789.717498640268
29442.126021432992
31152.633246022237
29952.873481048773
35047.63578867909
26658.72718257598
29812.62842040714
29261.704977880512
43179.932727772335
35863.47311128961
39368.19128600115
31179.05613110378
29990.410296488113
34296.788545673866
39239.68991824265
30965.452357189482
37250.532403598794
31112.86353504866
30814.909882500393
26748.124107260246
29253.38571782481
31368.58157583171
32477.133613371152
34005.69996532802
35783.43828310901
29699.825780108564
24727.83835853557
31095.800142389984
34360.69325992557
30767.281496400672
29511.66889944985
28681.32510013805
33904.20407229741
27152.699400210768
30814.909882500393
31112.86353504867
37826.66945758842
35322.04051948029
37250.53240359875
37250.532403598765
31798.199161323697
37826.66945758842
38633.660329208724
32524.170052298738
28541.779279497583
37760.53274270494
36499.69358652156
33659.98523404183
36076.87815475944
28541.779279497594
29223.587100903467
31241.355886419104
38822.72589726063
31117.474266828904
28959.4163607397
38633.66032920874
28006.000241403843
30102.15762915801
32963.68254258259
31241.3558864191
26820.273398313053
23541.870224895247
35091.95343665902
37760.53274270495
36381.617473278886
29966.875017323582
28541.779279497583
38471.567519667
33361.98268866247
35891.312189389166
42008.55413038885
35475.96264215636
31352.026995477696
32463.745748877493
30657.992663967998
31055.38004262388
36700.39722022195
37340.39440251857
31550.636850729818
35222.523376406476
30259.257330935914
35895.936800467774
30228.27531346835
41142.081694754954
26561.78971733737
26977.405915583702
38343.26628021881
35364.0437396473
22529.59431313223
27368.029406056765
34097.50533158052
32463.745748877496
35325.425910050784
37488.54614761536
31352.026995477674
31169.845495852493
30020.94884489225
45728.713843786594
35747.88020742591
22823.871595613367
25187.588662955317
39325.70327168447
33785.47570237863
23316.523710698668
28142.878693880917
28774.141544476464
34858.683802781416
33744.992215505394
40641.01601474031
31813.542487878687
31266.040954028045
44724.734508113565
30115.160548660373
33774.396431854155
32072.566960246524
36456.15634899357
29747.559392780717
29276.474042815375
35071.27249399172
39325.703271684455
35251.94173333976
29556.112420301477
25187.588662955324
35571.14144517321
35226.34997849144
38714.1061954261
34214.53207836662
31198.65020988263
27564.298260852145
38811.72525118949
32482.854152713247
29796.06479703507
34316.11528806003
41112.025105292574
31962.585163579126
34931.744034611474
35830.047506231786
31098.023688644058
35356.83333542081
40257.62654011984
19854.819305846642
32998.41718897551
38385.68019777241
37028.94049377895
27532.351889198257
30377.718697595395
32482.854152713277
38811.725251189484
38961.96147824644
26146.770075699576
27564.29826085214
27564.298260852138
36777.38757109105
38961.96147824645
34456.67199680091
30313.2120560575
33860.8009117637
37323.94238635334
30301.91499278102
26335.49851456015
29899.80695386718
33860.80091176374
32054.44537633465
29848.82357128887
30132.505479542728
29899.8069538672
25957.086731157444
34456.671996800935
26289.875459123126
30474.43999858955
37323.942386353345
29848.82357128887
35324.61100587141
33540.63337666941
36020.379931213996
37323.942386353345
32388.038992033693
30313.212056057488
33860.800911763734
32924.43040403955
30453.56488994836
34456.67199680094
35379.94073526324
32912.77098381687
35770.191198937006
30242.70516668972
33230.435109094105
30463.82539853021
31449.268344692595
34167.30090540777
31979.10535661335
31580.667442501916
38654.29290306876
31507.895901707256
30206.1588706207
37655.80892442266
30329.16588238603
32596.357306423248
30242.70516668973
31697.436437608078
30222.76805911654
24400.66196774974
31312.57924432028
30242.70516668973
39912.02022668801
32912.77098381685
35770.19119893696
39569.51254337089
35636.12904530093
37655.80892442264
31646.846507095946
32387.819362619615
37139.08590473913
39744.21153666361
28903.681050188912
28009.539487108166
30607.271030313055
40992.48804100421
29806.92796343623
33500.27429970002
33704.73224480125
30708.02995546171
25059.987454076174
29181.70041787134
29431.206133414606
33951.95284362253
39744.21153666362
32513.02019170178
38808.67511304336
31418.420415117856
30941.868733785544
39744.21153666361
32022.69785367798
32387.819362619608
37139.08590473914
29084.72290003988
28421.921408912298
29181.70041787136
35572.93450207809
31410.5843957888
40630.25244329053
32633.895791462477
32923.112172296365
29161.508635005306
36181.78119784866
34448.89663017253
32328.142972211404
29152.422921815596
35405.908552589244
32616.07347866431
28157.746674562266
31131.845073951932
27488.727528873995
31276.228088390028
32633.89579146247
25464.999753693333
31276.228088390024
29038.542660087376
32923.11217229637
32633.89579146247
31131.845073951925
31410.5843957888
40630.25244329045
40630.252443290454
34698.96723425414
31131.84507395191
28759.292523164946
28665.20129674372
43716.997967488336
30798.5509116014
22811.280304537933
26778.8001880935
36449.71993895215
43716.99796748836
36705.258573767984
28038.97972214365
30798.55091160143
36205.68389230964
33685.28424703812
28759.292523164997
25968.896612173477
29218.96594980029
32858.191825892
33246.420411847204
29218.96594980028
25894.667868680648
33071.19155250984
39690.87858048282
28759.292523165015
31593.60506576471
32837.67928790761
36650.49913065749
29491.812424296222
34537.65112129697
30802.468752314297
28650.284616083736
31815.815192501126
33677.81809969791
31086.592406141943
23393.448302840487
26928.598662972425
32574.713328719765
29925.34775402025
26568.296442739367
33677.81809969791
28586.298249456013
24665.684726726147
33523.6311683696
30803.50938251561
39361.00701924533
39215.48365286197
32521.685961656767
37393.23991184399
35616.463317638096
35046.73024128481
37869.84063414444
30802.468752314307
32317.39161358108
40855.52940601868
43712.46887296761
36489.94614324986
34175.80414051826
33950.460896342855
23296.972022861795
22658.192832787594
49037.71785037728
34167.82827596474
29792.790672620773
37439.41163954434
19806.586542349683
28768.752729908578
41157.89168133639
49037.71785037732
31638.448525198015
33306.575404034615
36374.5872158577
26489.208289206155
37189.74810261413
36964.41365211381
32876.90419428679
22631.80474890904
25732.685363291548
32125.581837815487
40837.29338443079
33950.46089634283
31532.755886395782
32798.5181894756
33459.029970010044
30643.91659149322
33301.05235996116
39186.41400412357
34088.56694081002
32555.04886125879
30547.390573187517
31106.014452629417
31709.837172930453
34510.237269444035
36929.13755623671
33513.15009509605
32556.985688156023
30547.390573187513
34510.23726944405
32330.92282539208
36482.241721751736
24516.012418934395
26840.01476507082
35598.938004524774
33876.207736422475
27356.48395759085
26535.475411933927
32273.5870790969
35259.3238956966
39186.414004123566
29499.589840912973
33599.208876037075
33599.208876037075
34292.56755878217
39186.41400412358
32693.41779923988
25717.977676921015
30905.741959707055
37571.10999907277
31320.834230406967
25423.58484448365
35818.69813470131
30905.741959707033
34756.8955753912
32508.394819764784
38044.545705499884
34046.09433445646
34886.65150399597
32693.41779923988
29244.28986097876
30938.021081504634
38116.09019342831
36920.62866165591
31601.272411099646
27291.23131946521
33789.16180720077
43642.376602288445
36945.75217593004
29856.99265566765
32996.16885042046
38761.95599247583
35308.23847828556
38322.965754207245
21532.95972352348
25665.791336060516
43361.647279563615
40061.38945875269
39097.45172081314
19765.689539652347
26562.080757902186
58455.394166523176
51458.545110511586
27886.842739337295
44805.09113788474
28277.26702509342
25158.9209062781
42562.40318886713
25630.61308135141
46582.66238523602
41928.032726450925
29455.154167457484
41698.82593220174
48597.95220301417
24953.20535206531
23915.676936939868
23585.008588845467
28868.401978122845
35770.96547786575
28317.137378044266
22237.754723597107
27069.16207281163
18870.381012311096
30564.559620615095
36165.94797931152
43214.58986389604
29178.741573667812
26259.125829847217
32137.64540289722
34969.663461172255
29337.158864606477
26846.598347121915
42422.030590518494
33037.77034873797
24678.770123128288
26175.73153851772
28345.844828421745
38631.06186026264
33315.0826643864
29732.786127456777
45060.06196906113
32673.17590160665
28468.462065127853
49868.30216101247
16767.924501653164
15674.511837218743
45148.478621939146
47011.02497442715
36352.06721104732
17434.87620595194
36352.24413473731
35957.47817587174
38472.60819001368
31296.289508933107
30392.74339464786
28352.93484468628
34267.29925517386
40854.31710690414
33427.83107656298
32145.749199153874
30816.05896087131
31435.284705852762
30612.98328800637
37011.600112483444
27182.164844841413
34848.57570133944
32447.0538869852
30214.386861347644
28186.793182514855
29857.193431320196
30005.987479173935
24433.571606693968
35935.60681300218
36635.72547506426
43236.19959162196
43236.19959162197
34512.32819650589
35935.60681300219
33690.73263283878
38977.57671864933
42294.228411649805
36765.591753954075
26885.3079006922
32609.104965963747
40110.11194258867
42294.228411649776
26747.833796490293
37828.989536069836
29532.154597453962
32123.200349964816
30659.11756089553
33690.73263283875
25187.771625774767
29905.40559137972
41342.73102948835
34626.91366475114
34312.52296629444
26724.977161567072
27608.496402427045
27105.43196608649
35751.374633957006
37696.48458745584
44361.9965149521
27840.579973435335
31715.39674599481
34123.87307373609
29702.34112535564
25108.011909458044
51166.44412395008
38289.23035718857
27682.383788894233
28223.14229014011
42158.91417246285
50457.913861785084
42517.852847927716
37426.35572826656
43337.5586751933
37121.802595599474
38440.389422575856
25446.640875602192
30254.747426531176
32049.939848327736
14615.028071155466
25079.528880965838
35038.69645586884
19779.656354206527
31964.67357984204
44405.90703532308
39320.30861727232
29578.8042081603
45037.904831718886
38728.05984694602
36676.22688996603
24855.954136872508
36810.89981330894
25480.423230438697
33624.30261595266
50101.193711078115
30970.923952606277
23300.24083706386
36207.68900492967
35090.69409595408
32630.87297690603
33161.27893070703
30430.71055757196
36728.35189384491
33140.17823440417
29708.91506843016
15814.518071460885
31956.586719642663
45404.35248794646
32301.431521822775
35657.06400045212
43508.293660510826
36308.62497466128
43969.32790004901
29458.90794535046
22748.113991873728
43983.2755929499
21523.647797300815
36898.73389555816
23215.143738013732
39025.070683497666
29978.426276163897
42527.14284611157
28486.73410622919
35263.42509893425
25781.839900756782
36781.72837520584
28375.79252483343
36400.654633258164
31281.460913723688
40025.93042742042
30457.442065683175
31314.480091003552
36180.010597432025
31207.22047327903
28886.89716493642
27428.30086035668
30269.84694013558
33338.472171425994
26205.046649376687
36394.01637578735
36978.968555365616
40003.74648950984
29261.99380734378
35789.41906449848
35789.41906449847
39873.429574967406
40003.74648950983
37206.764604976895
31666.92594876785
32612.31221659224
30976.615744820814
32905.42770015043
29953.104646969052
33672.54970228545
32612.31221659224
32762.213342378393
32966.91573206066
40872.048396823615
33672.54970228546
30461.9560480958
37206.764604976895
32106.788031080996
33603.76957998974
35813.63732312382
34042.076808115016
25626.185364453657
22245.243970971933
32735.771269121677
35813.637323123825
36971.51731298052
31264.3926886875
29682.6364767258
40190.4699345734
33967.89054738409
37206.764604976895
38656.92251093007
36061.96408673558
27919.45557375074
42359.14395271876
29095.13287693151
26031.688412140084
36674.458224976566
38017.22666169559
29477.475025574568
39244.144688714565
29141.675553380865
30406.719097535846
33596.157247514115
38575.136580168495
29727.558665881003
29932.67494827581
38473.969898496754
44525.11550054229
33287.76235200052
26075.69248258919
24606.960574050707
38473.969898496754
38674.0762652124
35609.43343564061
34146.85606259248
29554.61675304141
30005.462778564433
38575.1365801685
40360.09962873171
37690.241811553846
34300.34926784663
34090.213257256495
34424.271591717225
29661.011194740986
31315.58798988605
29781.691643066537
26886.58641251267
30238.75101865844
38618.020153250596
32362.353491280785
25420.52110989515
39138.42311429775
36324.39401310058
35995.13016038111
38238.1638486037
33136.952083855904
25593.461954398586
22362.671946553393
37196.16702073442
38238.1638486037
31353.619633318212
32911.840169102776
24385.59274599319
36927.733028535404
29643.42048050173
39138.423114297766
34575.17111001517
34733.25450394355
26397.004275975716
37323.954080552474
28814.264817303865
33490.27897105289
29389.144791252744
40586.56831733196
28648.522757711566
33590.79509047401
31490.416354821395
31994.403766076575
24028.000950443537
38736.08169036836
29029.787488969803
31945.686853860334
33123.50682484463
34504.564644418795
31945.686853860338
26827.272234943946
33092.11345458228
33123.50682484463
38736.08169036835
39906.61089681824
33572.03659258711
33572.0365925871
26353.41582074698
38736.08169036836
37744.28725139123
28624.06739533742
37251.92145980339
31136.63347845128
27215.741249468607
18380.96260929664
26839.936232028802
37251.921459803416
39467.163032165605
36699.54478799753
31136.63347845128
32921.07459535634
36251.52120300624
37744.28725139128
30210.538076558187
33695.06609756544
38712.53741247845
32128.39140551148
33695.06609756543
30644.7740809595
32413.203645052687
32812.842182593944
37744.28725139129
30029.64181430156
31109.777369092753
40023.86150291431
34885.05735105684
36254.88577017757
36930.463306253056
29261.5724915717
25431.634210487155
44922.741153637115
39122.64940797313
29608.254617569986
33390.971325653554
34152.71584837134
33201.93961781669
35723.204104906275
44922.741153637086
27190.91975025679
22784.923555571284
32880.460661596604
26003.881806327194
33416.71593601421
32857.999376020045
32129.691395578662
36691.54771412783
35592.09174495585
32145.901537756443
44393.978190446396
36930.463306253056
21792.581953703586
32799.4039338441
25881.70521258817
36274.642385220825
36343.470428625405
43235.42832648116
35993.85502558568
34605.89031389058
34556.89650893562
35344.83384470214
30234.520365165277
32214.15419098985
29872.822383535753
28414.300061571266
34794.97079120885
34556.89650893563
34844.63753981018
30194.662105091054
34266.11727778253
28159.16259414401
28852.737563796312
44186.716206596546
33481.299465539574
29809.426666278618
27260.095257040917
31968.78830863429
29095.971595410458
43235.42832648115
37991.45306936693
33732.966548880584
27142.174932001883
26410.48184162389
36946.13380951232
36077.59047242876
31723.966888580806
38229.85610776952
36285.02597523632
31680.910507530894
29998.797626944146
33066.77471284893
30991.41532086523
32712.941521289304
33670.914014647555
36285.02597523632
33066.77471284892
30201.68479078677
36317.174858594146
31080.72372734465
27685.506873913095
33313.53072952092
33025.40340147597
32507.180548104214
23292.158137127746
32350.559296067757
38361.502502637726
36077.59047242877
31938.765511153066
32197.59611961106
32197.59611961106
30423.854491772385
36077.59047242877
48014.77495036775
38047.81940300581
37470.63311667355
26188.139283413348
27537.286377825723
25363.986552392464
33869.26599019762
37470.63311667354
39856.48179048747
44455.03818563831
31825.13867233358
31110.805713921553
32219.174565577134
48014.774950367704
31072.80636985594
29784.282679646967
34497.124093932696
38716.68263534176
33127.06117634436
25975.887890680617
16526.59523797216
30394.688699466846
25130.332948213698
29881.063286973855
47454.68840586332
25258.42682755051
28074.081181974514
30306.713460919033
29498.6638049673
35729.96291294419
51352.54117296805
39345.06042984546
35077.52146643138
25607.01187759842
29360.684241186293
28309.939275849774
31062.038106532378
22960.45327116069
20947.35763243977
22448.676741935367
22400.34725386879
34659.57183856893
32253.67902359262
35633.55918289203
33234.03723935351
23789.130348897634
40888.46978341988
29615.012463076397
40852.956475047366
42165.6262518297
34047.23917613607
31777.014087141735
33955.802334320346
30306.62790098015
27332.427161896834
32435.40321410518
26788.30837592626
28209.438758639444
42358.389635560874
35082.21023593197
38241.38151717545
35208.974354635975
27347.474270745985
38425.39963760834
18011.807568918706
28352.681584632966
52968.122395925726
38092.119902652026
20324.42680857081
26742.775513358753
33503.85055264858
35531.08140125188
33038.22001325397
27138.099434029624
33821.909601652296
21935.92057005407
26944.206008979076
26430.88008767807
26788.13928112792
38055.896275131534
30780.27215830261
38260.771306311304
33620.67820819194
28895.163422909965
34986.02315554611
34382.561964808076
37037.209629873105
33998.82104099692
27236.201682797426
33866.20432592869
32701.033202684725
37507.931958835725
30058.059149665714
32185.39458914262
25643.52505316684
41002.00434637534
32800.77966639968
40506.58805247617
29072.007788188006
30242.161966068485
31859.095274282045
34563.922129399194
28578.332485005292
21088.262656298073
28598.106424312737
34861.08380238112
32226.724329479093
44072.98125894987
44702.84827433151
44702.84827433151
28706.978636186934
32226.72432947909
39632.6650056258
42196.854966195795
40970.59064313458
29397.165999891786
37019.53084985788
33409.3737962176
31524.58665229297
40970.5906431346
27389.71283340362
25310.186059061853
34918.69082908011
36872.71038866341
28787.05969745718
39632.66500562579
35758.08038290228
34511.084112881246
27015.408104504106
33783.958856674966
28455.15950093835
18341.548271491178
31428.573594474197
33636.68946040746
37969.08885470513
36692.888052797745
27457.791201461965
46707.19469633764
34137.82199479669
39658.3455814718
33377.36913962717
31547.666821531806
20896.079557384877
46619.891030957086
35228.6403731271
30984.49657946579
31177.63458677738
38118.136208121236
27198.052459703173
37292.688442802624
35746.8941245943
36683.39239759279
23238.088629358783
38173.81560250716
31279.527227575356
34259.70082330184
37431.23335785063
32284.567104459355
29790.65220518976
27767.54904379297
32410.226929403376
32716.381249378243
33671.74942496808
40656.54555567804
28122.28459234717
39423.24328466988
24131.57146889078
40095.64035548398
30446.832879467573
27815.0697868821
26870.060565815926
26952.631448868084
32873.860742039855
28914.60414431529
24365.356663331
36457.672072366586
32143.212220791396
27603.835884084307
36305.13902207006
35087.74337766532
27479.434375706198
36240.371533904574
20385.454171882542
36812.48491323898
48863.63284811244
26674.338799033903
30207.13444966398
35271.78111852618
49532.09220683135
47151.98903610591
37805.7739873891
28625.31014022827
20198.46381548544
37478.594114458174
28800.94164785972
30657.97789940708
38596.61563277392
31053.319790367037
24207.08884178573
37673.047472331964
29160.247085705985
23950.010469626213
28755.80717343696
47571.92986231375
32318.696107718006
38061.86554748109
37020.828531431966
31497.70648316378
25374.3526389975
34862.58141441765
30213.976309978287
38528.06289089648
29096.688690963863
34604.518711537785
30909.293022526126
34693.39512397444
24811.347142596074
29698.535403198333
34943.3010958898
29944.062368514955
37126.83523527304
37126.83523527304
38888.862978797624
34943.30109588981
40362.12562510801
29329.284185776385
33771.36491780232
38774.55864460682
32774.31054461974
31195.048336275217
34420.863881439844
33771.36491780232
37620.10612525017
32793.47013120606
32691.717365117147
34420.86388143985
31518.19739937976
40362.12562510806
19102.99340439987
25477.864397603338
31452.340742061173
28897.973336754967
30544.56123976276
33971.080770289445
36582.03233003753
31452.340742061177
33909.76891706733
31454.834744739324
39084.922718307986
32530.04076779249
34409.63813471444
40362.12562510807
32762.688078342664
29390.8943921037
37887.18031425175
33332.634917569085
32116.86816360179
23938.1598550221
32995.72740446017
30297.513206509626
34332.15875968211
32858.656977802224
38182.12227910895
30674.401911920464
31341.102495558014
30963.787524221767
29367.604769933147
33312.55485049275
42805.31012360278
34957.684024964256
35724.65385038539
28745.719233439395
30922.450609552907
42805.31012360278
34275.551565958376
24529.076761556134
34556.45358647602
31397.806851158697
32951.89694213189
30963.78752422177
38052.723084107565
29206.27641274022
40893.71427517839
32584.540443782877
29366.455578433768
31939.978846869453
36382.13797785552
38099.72250446069
38532.89862811311
33157.076597152205
34748.70342002668
32945.15208331637
27515.18026940207
35129.25792533236
21912.99333880373
29578.865615041348
27764.84364416611
25269.503969062196
29743.901335945764
33226.74106264719
35182.19297674842
27764.84364416611
37666.00957051818
31220.508229375966
47086.174039463316
28696.07252496865
36006.89933152596
35129.25792533237
33293.85700623288
27810.935861387028
39310.51707615955
37812.061864134004
33368.88738155083
23275.853576210102
33920.526989700185
25716.607233273397
30347.8271105147
30445.442129017392
33167.38150869848
30947.091888041195
35657.485614019155
35935.21732715233
25957.942423244218
30668.53602944994
37931.66116903079
33192.81388647047
30668.53602944994
27512.574470205
33117.66368191737
37931.66116903079
35935.21732715231
27022.547449630656
31906.55528850222
31906.55528850222
38019.881421456754
35935.21732715233
41268.623135356975
32266.64475115377
32056.673180924714
31692.414485284953
32292.573388211615
28628.290303127647
28801.22577529225
32056.673180924703
33967.41852303291
33612.644484425255
31692.414485284935
24583.286561890116
25158.06003961297
41268.623135356946
30468.524279709436
33868.687792008175
31692.414485284924
33606.14326993771
33868.68779200819
30501.483566556428
32292.57338821162
36311.388934118586
41268.62313535694
32266.6447511538
36213.435740768335
32056.673180924692
33657.840878172225
35086.06595952615
36688.95167493176
31417.484935337532
32422.437554319586
43027.92037730105
37714.746746101955
27338.94443041446
31169.259271586605
27768.813663658704
27508.20763573153
33936.161633830045
43027.92037730107
35048.59190405576
29961.16682953679
31015.22397838719
26375.390106575687
30590.01612661242
43027.920377301074
30787.925783716717
29060.401344551774
29441.525038985
32558.443003007127
28787.35274958657
36688.951674931785
31417.484935337543
27496.851304678043
27768.813663658708
28426.86768141591
37058.98372276688
38206.61696438435
32124.75954991483
36207.50306811426
28395.360116723532
28268.783275973266
29688.041162637215
32183.990386211364
37331.20548454032
34922.03590268805
32500.637973182056
28395.360116723554
31236.02721648163
29629.95542533942
36814.79181845367
29803.66694452611
28789.855545651513
28395.360116723557
31931.82826601167
31707.103484415475
25480.632263344138
31878.517762413772
36790.77387126942
38206.61696438435
32124.759549914852
37981.98571068914
37331.205484540296
35600.23874107796
37369.341553631995
34228.42038298486
30923.297112822416
34374.86828982215
36205.48469582305
33906.66044509412
27423.382575256986
30637.292698417168
33450.8307523683
30624.03232795084
30557.430756522193
36205.484695823056
30637.292698417168
27100.35039830338
33809.34467935849
27349.97099425011
33075.23495342777
36205.48469582306
30557.430756522197
31038.89879320982
30524.89351790845
30998.728541082626
32608.677676954598
34228.420382984856
30923.29711282241
33450.83075236832
33450.83075236831
31087.4689927352
34228.420382984856
40609.93318961787
35697.21752534158
42161.64692890836
28443.117183458024
30614.69241200686
26527.219951595478
28930.335468854053
42161.64692890839
37487.180485556506
28190.012912445258
22348.872980235486
31800.15014584516
31041.765146351838
40609.9331896179
28394.635406399524
29331.481082627703
22348.87298023548
27682.12760400599
29465.194685912164
26313.362171030378
30614.692412006843
28370.713158271992
37411.34774374965
32408.577231108007
28237.57949106002
42161.64692890839
32421.940455383403
36406.83677153534
29940.30179034562
25837.3620279631
26921.977856930058
23000.569640957896
30778.67865298943
28834.42388034923
27013.73606338319
39698.792831189574
31330.68980919014
26869.04831499226
36966.30629858761
31416.69276900197
22714.79490386988
30262.435694636355
23859.36267743321
36177.33725260444
36966.30629858761
27887.79482486135
27005.427961562786
32390.27769966267
34020.51249881735
34251.613290799134
35155.34276854777
28686.77464138806
31615.006659947205
39698.79283118959
35459.42494768804
34460.6047784059
36353.72850831775
33015.2431683067
32830.52783729695
39338.56387732669
31161.94717918498
23382.593500950647
31300.532788921988
38790.35253451357
31630.30380161531
34452.84892584396
30675.828340488897
31477.39402724963
32383.620920667992
35927.87381127556
26508.158039467355
32193.147015437353
30675.828340488893
32147.05341455939
30263.12617949036
31240.67058301492
26551.840375476568
24958.216311225347
36374.80845867052
33878.52550480752
38252.5629747588
38790.35253451356
33452.50999504121
35545.23019165931
34481.00781945054
31065.665376209843
34335.424030672555
29876.21703360423
30493.419838543672
30550.692097388997
31853.697714938542
35453.61026221948
33541.4488423113
31581.054301288856
32361.486318071416
33417.0183737844
28773.825616461807
35939.926036303616
27714.508490855682
28804.50957902643
32361.48631807141
31581.054301288856
30398.657198641078
26181.590251246496
32165.613447821514
37481.32335812848
36677.59180646812
30626.73594571953
35453.61026221948
35453.61026221948
33663.33000068354
36677.59180646812
39922.70818171907
35919.4761367132
30236.798141390376
37026.63046172256
33112.29854361521
31684.183898863568
35458.70374234886
30236.79814139033
29520.68688527969
34337.30973259715
34256.75389473372
34121.00262203226
27348.676967183892
39922.70818171906
27226.031644595107
24895.97662540152
34256.7538947337
34892.781662594105
29186.172557061986
29266.15685271544
33112.29854361522
35012.089953742565
33743.02642540724
33551.872857735885
38262.67251913214
30236.79814139034
31690.18617368296
43572.27174682509
39763.544743158986
29580.257571471622
29157.851745887005
36600.79833899922
34447.273507601945
31608.606958670334
27765.371207321834
21896.616652606725
32262.62840367498
38557.716599631494
40831.56434677191
28982.304562024485
31746.06426713633
49175.70138754891
26257.392554722035
29891.005801428095
40831.5643467719
34356.25235723459
33609.663393277115
25723.204322820522
38282.983331841766
39936.22313963658
44317.632381081334
32927.34036189944
27052.934538969577
21896.61665260672
28568.715213407748
35866.85238454889
45523.679468959745
30091.96431887985
28529.706123152457
31215.5225159681
39204.68304430338
30652.014384759197
31302.816402052547
24500.663695044852
31227.074526509165
33283.18870590719
38804.6361802135
27199.130745272636
20834.870500204863
34522.564245913745
33980.60461133794
31754.63320569443
38804.63618021351
33890.80901615555
30759.70245290114
30423.38691203249
37147.77738479753
43514.895736898354
43807.386947896666
31255.85802827469
31455.042077571667
24500.663695044852
32404.550643176066
43235.51000912065
36873.44902535609
35664.51652709916
38425.50202196555
41792.16316882002
34516.264303225915
27522.32537527303
31572.510864028154
30603.542083469194
30083.616283593954
33220.024386462945
36442.31187138821
28819.833952679026
29473.855689525422
37582.81933064796
31629.30929711965
33308.415282145
36442.31187138819
33220.02438646294
33569.069915885986
26805.691993291464
33583.35574334062
32768.51829548927
37060.417621885936
35496.87096090439
30603.5420834692
30603.5420834692
26018.061878450862
37060.417621885936
32028.377897941646
30473.526930012114
36830.93050998132
34638.66278729417
32130.045033402173
28730.89751138587
31456.869397579627
36830.93050998129
31814.1254676883
30807.68626016341
35039.575009092754
31456.869397579623
28387.74295991738
32028.377897941627
27179.62613098367
33697.220245855984
35039.575009092754
28640.205610740828
32348.3816613194
29109.987347710474
32130.045033402177
35039.575009092754
35209.56467911007
31728.83861816171
34612.152326152456
36830.9305099813
31814.125467688304
32028.37789794163
37529.563534359346
34670.6466119574
38270.23745824594
32970.356057303594
28676.075906361668
25258.83479383967
31901.659643767038
38263.860595805825
29953.186575518484
29808.171022477694
34351.278640037104
31719.1433483731
26529.593274408915
32985.61785153337
34799.83711782934
33395.92749672563
34351.278640037104
35595.54136634112
30503.953192915265
25730.430059795744
28320.802456825488
34351.27864003711
29027.778039878507
31848.259712100447
30663.081709288697
38263.86059580583
29953.186575518463
32985.61785153336
32619.55011639138
41818.71663130354
34209.85032136248
35260.53221698627
29252.22759350843
32883.29958440815
28657.488482573153
44596.82943176951
29005.354213079587
28482.620690288935
26410.368137841422
31980.873522128666
25164.782256964045
33989.46135360032
27826.264499633944
32998.618997417834
26410.368137841415
23799.752318610615
32645.600894909745
26807.27126492304
34729.719494210294
26410.368137841415
37506.042813258515
35514.05470129036
37589.9997561517
44596.82943176952
29005.354213079616
33989.461353600316
35181.718569565826
29243.918762243877
31128.386417343183
33848.47412330129
28834.155618909954
32436.554396019437
32972.5618341437
39019.403288366986
30458.066953974238
31060.676653894596
35848.98638517598
38298.497771790186
27148.807889621035
29798.50116460045
26714.72576535824
29771.43223974422
35848.98638517598
31060.6766538946
29771.432239744223
26252.7002287607
30902.902784658123
35848.98638517598
29798.501164600453
34566.19430183754
39019.403288367
39019.403288367
30458.066953974256
29798.501164600457
