16548881497.0
53743679951.0
122486351247.0
847883316.0
9493492142.0
21180182463.0
139018578152.0
77667993187.0
44923675114.0
9516478355.0
847883316.0
26816096635.0
21512069842.0
16548881497.0
21014210674.0
25620303567.0
847883316.0
9516478355.0
25620303567.0
21372515528.0
9493492142.0
847883316.0
39655805511.0
36424918990.0
122486351247.0
77667993187.0
14688021252.0
39655805511.0
39655805511.0
36424918990.0
122486351247.0
847883316.0
9493492142.0
21180182463.0
139018578152.0
77667993187.0
14688021252.0
9516478355.0
847883316.0
26816096635.0
21512069842.0
39655805511.0
21014210674.0
25620303567.0
847883316.0
9516478355.0
25620303567.0
21372515528.0
9493492142.0
847883316.0
16557936195.0
42486758114.0
122486351247.0
122486351247.0
56159624313.0
16557936195.0
16548881497.0
53743679951.0
122486351247.0
847883316.0
9493492142.0
21180182463.0
139018578152.0
77667993187.0
44923675114.0
9516478355.0
847883316.0
26816096635.0
21512069842.0
16548881497.0
21014210674.0
25620303567.0
847883316.0
9516478355.0
25620303567.0
21372515528.0
9493492142.0
847883316.0
39655805511.0
16290459680.0
122486351247.0
77667993187.0
14708536782.0
14688021252.0
39655805511.0
16290459680.0
122486351247.0
847883316.0
9493492142.0
21180182463.0
139018578152.0
77667993187.0
14708536782.0
9516478355.0
847883316.0
26816096635.0
21512069842.0
14688021252.0
21014210674.0
25620303567.0
847883316.0
9516478355.0
25620303567.0
21372515528.0
9493492142.0
847883316.0
16557936195.0
42486758114.0
122486351247.0
122486351247.0
56159624313.0
16557936195.0
16548881497.0
53743679951.0
122486351247.0
847883316.0
9493492142.0
21180182463.0
139018578152.0
77667993187.0
44923675114.0
9516478355.0
847883316.0
26816096635.0
21512069842.0
16548881497.0
21014210674.0
192082304411.0
847883316.0
9516478355.0
25620303567.0
21372515528.0
9493492142.0
847883316.0
14688021252.0
22682297722.0
122486351247.0
77667993187.0
14708536782.0
14688021252.0
14688021252.0
22682297722.0
122486351247.0
847883316.0
9493492142.0
21180182463.0
139018578152.0
77667993187.0
14708536782.0
9516478355.0
847883316.0
26816096635.0
21512069842.0
14688021252.0
21014210674.0
25620303567.0
847883316.0
9516478355.0
25620303567.0
21372515528.0
9493492142.0
847883316.0
16557936195.0
42486758114.0
122486351247.0
122486351247.0
56159624313.0
16557936195.0
16548881497.0
16290459680.0
77667993187.0
847883316.0
9493492142.0
21180182463.0
26816096635.0
77667993187.0
44923675114.0
9516478355.0
847883316.0
26816096635.0
21512069842.0
16548881497.0
21014210674.0
25620303567.0
847883316.0
9516478355.0
25620303567.0
21372515528.0
9493492142.0
847883316.0
22682297722.0
16290459680.0
77667993187.0
77667993187.0
14708536782.0
22682297722.0
22682297722.0
16290459680.0
77667993187.0
847883316.0
9493492142.0
21180182463.0
26816096635.0
77667993187.0
14708536782.0
9516478355.0
847883316.0
26816096635.0
21512069842.0
22682297722.0
21014210674.0
25620303567.0
847883316.0
9516478355.0
25620303567.0
21372515528.0
9493492142.0
847883316.0
16557936195.0
36424918990.0
122486351247.0
122486351247.0
56159624313.0
16557936195.0
16548881497.0
53743679951.0
77667993187.0
847883316.0
9493492142.0
21180182463.0
26816096635.0
77667993187.0
44923675114.0
9516478355.0
847883316.0
26816096635.0
21512069842.0
16548881497.0
21014210674.0
25620303567.0
847883316.0
9516478355.0
25620303567.0
21372515528.0
9493492142.0
847883316.0
22682297722.0
16290459680.0
77667993187.0
77667993187.0
14708536782.0
14688021252.0
22682297722.0
16290459680.0
77667993187.0
847883316.0
9493492142.0
21180182463.0
26816096635.0
77667993187.0
14708536782.0
9516478355.0
847883316.0
26816096635.0
21512069842.0
14688021252.0
21014210674.0
25620303567.0
847883316.0
9516478355.0
25620303567.0
21372515528.0
9493492142.0
847883316.0
16557936195.0
42486758114.0
122486351247.0
122486351247.0
56159624313.0
16557936195.0
16548881497.0
53743679951.0
77667993187.0
847883316.0
9493492142.0
21180182463.0
26816096635.0
77667993187.0
57107413330.0
9516478355.0
847883316.0
26816096635.0
21512069842.0
16548881497.0
21014210674.0
192082304411.0
847883316.0
9516478355.0
192082304411.0
21372515528.0
9493492142.0
847883316.0
14688021252.0
16290459680.0
77667993187.0
77667993187.0
14708536782.0
14688021252.0
14688021252.0
16290459680.0
77667993187.0
847883316.0
9493492142.0
21180182463.0
26816096635.0
77667993187.0
14708536782.0
9516478355.0
847883316.0
26816096635.0
21512069842.0
14688021252.0
21014210674.0
25620303567.0
847883316.0
9516478355.0
25620303567.0
21372515528.0
9493492142.0
847883316.0
16557936195.0
42486758114.0
122486351247.0
122486351247.0
14708536782.0
16557936195.0
16548881497.0
16290459680.0
77667993187.0
847883316.0
32230684130.0
52425275088.0
26816096635.0
77667993187.0
44923675114.0
41499877468.0
847883316.0
26816096635.0
21512069842.0
16548881497.0
21014210674.0
25620303567.0
847883316.0
9516478355.0
25620303567.0
21372515528.0
9493492142.0
847883316.0
39655805511.0
16290459680.0
77667993187.0
77667993187.0
14708536782.0
22682297722.0
39655805511.0
16290459680.0
77667993187.0
847883316.0
32230684130.0
21180182463.0
26816096635.0
77667993187.0
14708536782.0
41499877468.0
847883316.0
26816096635.0
21512069842.0
22682297722.0
52154620554.0
25620303567.0
847883316.0
9516478355.0
25620303567.0
21372515528.0
9493492142.0
847883316.0
16557936195.0
36424918990.0
122486351247.0
122486351247.0
56159624313.0
16557936195.0
16548881497.0
16290459680.0
77667993187.0
847883316.0
9493492142.0
52425275088.0
26816096635.0
77667993187.0
57107413330.0
9516478355.0
847883316.0
26816096635.0
21512069842.0
16548881497.0
21014210674.0
25620303567.0
847883316.0
9516478355.0
25620303567.0
52396521245.0
9493492142.0
847883316.0
22682297722.0
16290459680.0
77667993187.0
77667993187.0
14708536782.0
14688021252.0
22682297722.0
16290459680.0
77667993187.0
847883316.0
9493492142.0
21180182463.0
26816096635.0
77667993187.0
14708536782.0
9516478355.0
847883316.0
26816096635.0
52511295171.0
14688021252.0
52154620554.0
25620303567.0
847883316.0
9516478355.0
25620303567.0
21372515528.0
9493492142.0
847883316.0
16557936195.0
36424918990.0
122486351247.0
122486351247.0
14708536782.0
16557936195.0
16548881497.0
53743679951.0
77667993187.0
847883316.0
9493492142.0
21180182463.0
26816096635.0
77667993187.0
57107413330.0
9516478355.0
847883316.0
26816096635.0
21512069842.0
16548881497.0
21014210674.0
192082304411.0
847883316.0
32398662086.0
192082304411.0
52396521245.0
41490196625.0
847883316.0
14688021252.0
16290459680.0
77667993187.0
77667993187.0
14708536782.0
14688021252.0
14688021252.0
16290459680.0
77667993187.0
847883316.0
9493492142.0
21180182463.0
26816096635.0
77667993187.0
14708536782.0
9516478355.0
847883316.0
26816096635.0
52511295171.0
14688021252.0
21014210674.0
25620303567.0
847883316.0
32398662086.0
25620303567.0
21372515528.0
41490196625.0
847883316.0
16557936195.0
42486758114.0
122486351247.0
122486351247.0
14708536782.0
16557936195.0
16548881497.0
16290459680.0
77667993187.0
847883316.0
32230684130.0
52425275088.0
26816096635.0
77667993187.0
57107413330.0
41499877468.0
847883316.0
26816096635.0
52511295171.0
16548881497.0
52154620554.0
25620303567.0
847883316.0
41499877468.0
25620303567.0
52396521245.0
32230684130.0
847883316.0
22682297722.0
16290459680.0
77667993187.0
77667993187.0
14708536782.0
22682297722.0
22682297722.0
16290459680.0
77667993187.0
847883316.0
32230684130.0
52425275088.0
26816096635.0
77667993187.0
14708536782.0
41499877468.0
847883316.0
26816096635.0
52511295171.0
22682297722.0
52154620554.0
25620303567.0
847883316.0
41499877468.0
25620303567.0
52396521245.0
32230684130.0
847883316.0
16557936195.0
36424918990.0
122486351247.0
122486351247.0
14708536782.0
16557936195.0
16548881497.0
16290459680.0
77667993187.0
847883316.0
32230684130.0
52425275088.0
26816096635.0
77667993187.0
57107413330.0
41499877468.0
847883316.0
26816096635.0
52511295171.0
16548881497.0
52154620554.0
25620303567.0
847883316.0
32398662086.0
25620303567.0
52396521245.0
41490196625.0
847883316.0
22682297722.0
16290459680.0
77667993187.0
77667993187.0
14708536782.0
14688021252.0
22682297722.0
16290459680.0
77667993187.0
847883316.0
32230684130.0
52425275088.0
26816096635.0
77667993187.0
14708536782.0
41499877468.0
847883316.0
26816096635.0
52511295171.0
14688021252.0
52154620554.0
25620303567.0
847883316.0
32398662086.0
25620303567.0
52396521245.0
41490196625.0
847883316.0
16557936195.0
36424918990.0
122486351247.0
122486351247.0
14708536782.0
16557936195.0
16548881497.0
16290459680.0
77667993187.0
847883316.0
41490196625.0
52425275088.0
26816096635.0
77667993187.0
57107413330.0
32398662086.0
847883316.0
26816096635.0
52511295171.0
16548881497.0
52154620554.0
25620303567.0
847883316.0
32398662086.0
192082304411.0
52396521245.0
41490196625.0
847883316.0
14688021252.0
16290459680.0
77667993187.0
1215163699127.0
14708536782.0
14688021252.0
14688021252.0
16290459680.0
77667993187.0
847883316.0
41490196625.0
52425275088.0
26816096635.0
1215163699127.0
14708536782.0
32398662086.0
847883316.0
139018578152.0
52511295171.0
14688021252.0
52154620554.0
25620303567.0
847883316.0
32398662086.0
25620303567.0
52396521245.0
41490196625.0
847883316.0
16557936195.0
36424918990.0
122486351247.0
122486351247.0
14708536782.0
16557936195.0
16548881497.0
16290459680.0
77667993187.0
847883316.0
32230684130.0
52425275088.0
26816096635.0
77667993187.0
57107413330.0
41499877468.0
847883316.0
26816096635.0
52511295171.0
16548881497.0
52154620554.0
25620303567.0
847883316.0
41499877468.0
25620303567.0
52396521245.0
32230684130.0
847883316.0
22682297722.0
16290459680.0
77667993187.0
77667993187.0
14708536782.0
22682297722.0
22682297722.0
16290459680.0
77667993187.0
847883316.0
32230684130.0
52425275088.0
26816096635.0
77667993187.0
14708536782.0
41499877468.0
847883316.0
26816096635.0
52511295171.0
22682297722.0
52154620554.0
25620303567.0
847883316.0
41499877468.0
25620303567.0
52396521245.0
32230684130.0
847883316.0
16557936195.0
36424918990.0
122486351247.0
122486351247.0
14708536782.0
16557936195.0
16548881497.0
16290459680.0
77667993187.0
847883316.0
32230684130.0
52425275088.0
26816096635.0
77667993187.0
57107413330.0
41499877468.0
847883316.0
26816096635.0
52511295171.0
16548881497.0
52154620554.0
25620303567.0
847883316.0
32398662086.0
25620303567.0
52396521245.0
41490196625.0
847883316.0
22682297722.0
16290459680.0
77667993187.0
77667993187.0
14708536782.0
14688021252.0
22682297722.0
16290459680.0
77667993187.0
847883316.0
32230684130.0
52425275088.0
26816096635.0
77667993187.0
14708536782.0
41499877468.0
847883316.0
26816096635.0
52511295171.0
14688021252.0
52154620554.0
25620303567.0
847883316.0
32398662086.0
25620303567.0
52396521245.0
41490196625.0
847883316.0
16557936195.0
36424918990.0
122486351247.0
122486351247.0
14708536782.0
16557936195.0
16548881497.0
16290459680.0
77667993187.0
847883316.0
41490196625.0
52425275088.0
26816096635.0
77667993187.0
57107413330.0
32398662086.0
847883316.0
26816096635.0
52511295171.0
16548881497.0
52154620554.0
192082304411.0
847883316.0
32398662086.0
25620303567.0
52396521245.0
41490196625.0
847883316.0
14688021252.0
16290459680.0
1215163699127.0
77667993187.0
14708536782.0
14688021252.0
14688021252.0
16290459680.0
1215163699127.0
847883316.0
41490196625.0
52425275088.0
139018578152.0
77667993187.0
14708536782.0
32398662086.0
847883316.0
26816096635.0
52511295171.0
14688021252.0
52154620554.0
25620303567.0
847883316.0
32398662086.0
25620303567.0
52396521245.0
41490196625.0
847883316.0
16557936195.0
36424918990.0
122486351247.0
122486351247.0
14708536782.0
16557936195.0
16548881497.0
16290459680.0
77667993187.0
847883316.0
32230684130.0
52425275088.0
26816096635.0
77667993187.0
57107413330.0
41499877468.0
847883316.0
26816096635.0
52511295171.0
16548881497.0
52154620554.0
25620303567.0
847883316.0
41499877468.0
25620303567.0
52396521245.0
32230684130.0
847883316.0
22682297722.0
16290459680.0
77667993187.0
77667993187.0
14708536782.0
22682297722.0
22682297722.0
16290459680.0
77667993187.0
847883316.0
32230684130.0
52425275088.0
26816096635.0
77667993187.0
14708536782.0
41499877468.0
847883316.0
26816096635.0
52511295171.0
22682297722.0
52154620554.0
25620303567.0
847883316.0
41499877468.0
25620303567.0
52396521245.0
32230684130.0
847883316.0
16557936195.0
36424918990.0
122486351247.0
122486351247.0
14708536782.0
16557936195.0
16548881497.0
16290459680.0
77667993187.0
847883316.0
32230684130.0
52425275088.0
26816096635.0
77667993187.0
57107413330.0
41499877468.0
847883316.0
26816096635.0
52511295171.0
16548881497.0
52154620554.0
25620303567.0
67441748311.0
32398662086.0
25620303567.0
52396521245.0
41490196625.0
847883316.0
22682297722.0
16290459680.0
77667993187.0
122486351247.0
14708536782.0
14688021252.0
22682297722.0
16290459680.0
77667993187.0
847883316.0
32230684130.0
52425275088.0
26816096635.0
122486351247.0
14708536782.0
41499877468.0
847883316.0
26816096635.0
52511295171.0
14688021252.0
52154620554.0
25620303567.0
847883316.0
32398662086.0
25620303567.0
52396521245.0
41490196625.0
847883316.0
16557936195.0
36424918990.0
122486351247.0
122486351247.0
14708536782.0
16557936195.0
16548881497.0
16290459680.0
77667993187.0
847883316.0
41490196625.0
52425275088.0
26816096635.0
77667993187.0
57107413330.0
32398662086.0
67441748311.0
26816096635.0
52511295171.0
16548881497.0
52154620554.0
192082304411.0
847883316.0
32398662086.0
192082304411.0
52396521245.0
41490196625.0
847883316.0
14688021252.0
16290459680.0
77667993187.0
77667993187.0
14708536782.0
14688021252.0
14688021252.0
16290459680.0
77667993187.0
847883316.0
41490196625.0
52425275088.0
26816096635.0
77667993187.0
14708536782.0
32398662086.0
847883316.0
26816096635.0
52511295171.0
14688021252.0
52154620554.0
25620303567.0
847883316.0
32398662086.0
25620303567.0
52396521245.0
41490196625.0
847883316.0
16557936195.0
36424918990.0
122486351247.0
122486351247.0
14708536782.0
16557936195.0
16548881497.0
1127127587787.0
77667993187.0
847883316.0
49519002335.0
171346104991.0
26816096635.0
77667993187.0
577450896672.0
75906703389.0
847883316.0
26816096635.0
170351769577.0
16548881497.0
175554182998.0
25620303567.0
847883316.0
75906703389.0
25620303567.0
175114395188.0
49519002335.0
847883316.0
22682297722.0
245983077770.0
77667993187.0
1215163699127.0
14708536782.0
22682297722.0
22682297722.0
245983077770.0
77667993187.0
847883316.0
49519002335.0
171346104991.0
26816096635.0
1215163699127.0
14708536782.0
75906703389.0
847883316.0
26816096635.0
170351769577.0
22682297722.0
175554182998.0
25620303567.0
847883316.0
75906703389.0
25620303567.0
175114395188.0
49519002335.0
847883316.0
16557936195.0
592809049657.0
122486351247.0
122486351247.0
1110701973198.0
16557936195.0
16548881497.0
1127127587787.0
77667993187.0
847883316.0
49519002335.0
171346104991.0
26816096635.0
77667993187.0
577450896672.0
75906703389.0
847883316.0
26816096635.0
170351769577.0
16548881497.0
175554182998.0
25620303567.0
847883316.0
49715770496.0
25620303567.0
175114395188.0
75794853318.0
67441748311.0
22682297722.0
16290459680.0
122486351247.0
77667993187.0
14708536782.0
14688021252.0
22682297722.0
16290459680.0
122486351247.0
847883316.0
49519002335.0
171346104991.0
26816096635.0
77667993187.0
14708536782.0
75906703389.0
847883316.0
26816096635.0
170351769577.0
14688021252.0
175554182998.0
25620303567.0
847883316.0
49715770496.0
25620303567.0
175114395188.0
75794853318.0
847883316.0
16557936195.0
592809049657.0
122486351247.0
122486351247.0
1110701973198.0
16557936195.0
16548881497.0
1127127587787.0
77667993187.0
67441748311.0
75794853318.0
171346104991.0
26816096635.0
77667993187.0
577450896672.0
49715770496.0
847883316.0
26816096635.0
170351769577.0
16548881497.0
175554182998.0
192082304411.0
847883316.0
49715770496.0
192082304411.0
175114395188.0
75794853318.0
847883316.0
14688021252.0
16290459680.0
77667993187.0
77667993187.0
250592704313.0
14688021252.0
14688021252.0
16290459680.0
77667993187.0
847883316.0
75794853318.0
171346104991.0
26816096635.0
77667993187.0
250592704313.0
49715770496.0
847883316.0
26816096635.0
170351769577.0
14688021252.0
175554182998.0
25620303567.0
847883316.0
49715770496.0
25620303567.0
175114395188.0
75794853318.0
847883316.0
16557936195.0
592809049657.0
122486351247.0
122486351247.0
1110701973198.0
16557936195.0
16548881497.0
245983077770.0
77667993187.0
847883316.0
49519002335.0
171346104991.0
26816096635.0
77667993187.0
577450896672.0
75906703389.0
847883316.0
26816096635.0
170351769577.0
16548881497.0
175554182998.0
25620303567.0
847883316.0
75906703389.0
25620303567.0
175114395188.0
49519002335.0
847883316.0
22682297722.0
245983077770.0
1215163699127.0
77667993187.0
250592704313.0
22682297722.0
22682297722.0
245983077770.0
1215163699127.0
847883316.0
49519002335.0
171346104991.0
26816096635.0
77667993187.0
250592704313.0
75906703389.0
847883316.0
26816096635.0
170351769577.0
22682297722.0
175554182998.0
25620303567.0
847883316.0
75906703389.0
25620303567.0
175114395188.0
49519002335.0
847883316.0
16557936195.0
625742521356.0
122486351247.0
122486351247.0
1110701973198.0
16557936195.0
16548881497.0
245983077770.0
77667993187.0
847883316.0
49519002335.0
171346104991.0
26816096635.0
77667993187.0
548699466635.0
75906703389.0
847883316.0
26816096635.0
170351769577.0
16548881497.0
175554182998.0
25620303567.0
847883316.0
49715770496.0
25620303567.0
175114395188.0
75794853318.0
847883316.0
22682297722.0
245983077770.0
77667993187.0
77667993187.0
250592704313.0
14688021252.0
22682297722.0
245983077770.0
77667993187.0
847883316.0
49519002335.0
171346104991.0
26816096635.0
77667993187.0
250592704313.0
75906703389.0
847883316.0
26816096635.0
170351769577.0
14688021252.0
175554182998.0
25620303567.0
847883316.0
49715770496.0
25620303567.0
175114395188.0
75794853318.0
847883316.0
16557936195.0
625742521356.0
122486351247.0
122486351247.0
250592704313.0
16557936195.0
16548881497.0
1127127587787.0
77667993187.0
847883316.0
75794853318.0
171346104991.0
26816096635.0
77667993187.0
548699466635.0
49715770496.0
847883316.0
26816096635.0
170351769577.0
16548881497.0
175554182998.0
25620303567.0
847883316.0
49715770496.0
192082304411.0
175114395188.0
75794853318.0
847883316.0
14688021252.0
245983077770.0
77667993187.0
1215163699127.0
250592704313.0
14688021252.0
14688021252.0
245983077770.0
77667993187.0
847883316.0
75794853318.0
171346104991.0
26816096635.0
1215163699127.0
250592704313.0
49715770496.0
847883316.0
139018578152.0
170351769577.0
14688021252.0
175554182998.0
25620303567.0
847883316.0
49715770496.0
25620303567.0
175114395188.0
75794853318.0
847883316.0
16557936195.0
592809049657.0
122486351247.0
122486351247.0
250592704313.0
16557936195.0
16548881497.0
245983077770.0
77667993187.0
847883316.0
49519002335.0
426812361685.0
26816096635.0
77667993187.0
548699466635.0
75906703389.0
847883316.0
26816096635.0
170351769577.0
16548881497.0
409153278490.0
25620303567.0
847883316.0
75906703389.0
25620303567.0
175114395188.0
49519002335.0
847883316.0
22682297722.0
245983077770.0
77667993187.0
122486351247.0
250592704313.0
22682297722.0
22682297722.0
245983077770.0
77667993187.0
847883316.0
49519002335.0
426812361685.0
26816096635.0
122486351247.0
250592704313.0
75906703389.0
847883316.0
26816096635.0
170351769577.0
22682297722.0
409153278490.0
25620303567.0
847883316.0
75906703389.0
25620303567.0
175114395188.0
49519002335.0
847883316.0
16557936195.0
625742521356.0
122486351247.0
122486351247.0
250592704313.0
16557936195.0
16548881497.0
245983077770.0
77667993187.0
847883316.0
49519002335.0
171346104991.0
26816096635.0
77667993187.0
548699466635.0
75906703389.0
847883316.0
26816096635.0
424138842410.0
16548881497.0
409153278490.0
25620303567.0
847883316.0
49715770496.0
25620303567.0
175114395188.0
75794853318.0
847883316.0
22682297722.0
245983077770.0
77667993187.0
77667993187.0
250592704313.0
2429757719604.0
22682297722.0
245983077770.0
77667993187.0
847883316.0
49519002335.0
426812361685.0
26816096635.0
77667993187.0
250592704313.0
75906703389.0
847883316.0
26816096635.0
170351769577.0
2429757719604.0
175554182998.0
25620303567.0
847883316.0
49715770496.0
25620303567.0
407610363856.0
75794853318.0
847883316.0
16557936195.0
625742521356.0
122486351247.0
122486351247.0
250592704313.0
16557936195.0
16548881497.0
245983077770.0
77667993187.0
847883316.0
75794853318.0
171346104991.0
26816096635.0
77667993187.0
548699466635.0
49715770496.0
847883316.0
26816096635.0
424138842410.0
16548881497.0
175554182998.0
192082304411.0
847883316.0
49715770496.0
25620303567.0
407610363856.0
75794853318.0
847883316.0
2429757719604.0
245983077770.0
1215163699127.0
77667993187.0
250592704313.0
14688021252.0
2429757719604.0
245983077770.0
1215163699127.0
847883316.0
75794853318.0
171346104991.0
139018578152.0
77667993187.0
250592704313.0
49715770496.0
847883316.0
26816096635.0
424138842410.0
14688021252.0
175554182998.0
25620303567.0
847883316.0
49715770496.0
25620303567.0
407610363856.0
75794853318.0
847883316.0
16557936195.0
625742521356.0
122486351247.0
122486351247.0
250592704313.0
16557936195.0
16548881497.0
245983077770.0
77667993187.0
847883316.0
124365157545.0
426812361685.0
26816096635.0
122486351247.0
548699466635.0
222422590243.0
847883316.0
139018578152.0
424138842410.0
16548881497.0
409153278490.0
25620303567.0
847883316.0
222422590243.0
25620303567.0
407610363856.0
124365157545.0
847883316.0
22682297722.0
245983077770.0
122486351247.0
122486351247.0
548699466635.0
22682297722.0
22682297722.0
245983077770.0
122486351247.0
847883316.0
124365157545.0
426812361685.0
26816096635.0
122486351247.0
548699466635.0
222422590243.0
847883316.0
139018578152.0
424138842410.0
22682297722.0
409153278490.0
25620303567.0
847883316.0
222422590243.0
25620303567.0
407610363856.0
124365157545.0
847883316.0
16557936195.0
625742521356.0
122486351247.0
122486351247.0
250592704313.0
16557936195.0
16548881497.0
245983077770.0
77667993187.0
847883316.0
124365157545.0
426812361685.0
26816096635.0
122486351247.0
548699466635.0
222422590243.0
847883316.0
139018578152.0
424138842410.0
16548881497.0
409153278490.0
25620303567.0
847883316.0
124850872872.0
25620303567.0
407610363856.0
222020232754.0
847883316.0
22682297722.0
245983077770.0
77667993187.0
122486351247.0
250592704313.0
14688021252.0
22682297722.0
245983077770.0
77667993187.0
847883316.0
124365157545.0
426812361685.0
26816096635.0
122486351247.0
250592704313.0
222422590243.0
847883316.0
139018578152.0
424138842410.0
14688021252.0
409153278490.0
25620303567.0
847883316.0
124850872872.0
25620303567.0
407610363856.0
222020232754.0
847883316.0
16557936195.0
625742521356.0
122486351247.0
122486351247.0
250592704313.0
16557936195.0
16548881497.0
245983077770.0
77667993187.0
847883316.0
222020232754.0
426812361685.0
26816096635.0
122486351247.0
548699466635.0
124850872872.0
847883316.0
139018578152.0
424138842410.0
16548881497.0
409153278490.0
25620303567.0
847883316.0
124850872872.0
192082304411.0
407610363856.0
222020232754.0
847883316.0
14688021252.0
245983077770.0
77667993187.0
122486351247.0
250592704313.0
14688021252.0
14688021252.0
245983077770.0
77667993187.0
847883316.0
222020232754.0
426812361685.0
26816096635.0
122486351247.0
250592704313.0
124850872872.0
847883316.0
139018578152.0
424138842410.0
14688021252.0
409153278490.0
25620303567.0
847883316.0
124850872872.0
25620303567.0
407610363856.0
222020232754.0
847883316.0
16557936195.0
625742521356.0
122486351247.0
122486351247.0
250592704313.0
16557936195.0
