12162101959.565277
83987455231.87025
438581340683.14703
12162101959.565735
12162101959.565754
89499121505.99477
12162101959.565605
12162101959.565811
87739178287.48982
15568693063.410355
12162101959.565699
23427852232.624546
105625962944.40237
12162101959.565914
98118731601.04515
12162101959.565708
12162101959.56553
12162101959.565762
22411903445.325325
96275847792.9518
12162101959.565739
12162101959.56614
252368509936.51492
44467536615.43669
12162101959.56572
12162101959.565659
89977079712.31313
173611373510.74252
253496794227.59424
43287666730.00229
12162101959.565674
12162101959.565758
12162101959.56565
98293343750.40909
12162101959.565674
484648793066.027
91044752278.56111
12162101959.565731
12162101959.565708
23428062397.570145
96333389951.0927
172488699085.6221
89438846336.23267
23519012554.465187
12162101959.56572
12162101959.565636
12162101959.565681
105459693672.61885
15563083197.451206
12162101959.56556
12162101959.56585
85111406261.10663
12162101959.565674
12162101959.56578
86721814711.48015
12162101959.565361
12248503284.297558
86373473811.47931
436595924113.79297
12248503284.296501
12248503284.296528
92807375938.45088
12248503284.296547
12248503284.298111
85294103916.50536
12248503284.296516
12248503284.29648
23160725151.895576
101727647794.69275
12248503284.295368
101899587105.35457
12248503284.296524
12248503284.296518
15681542053.999592
22013735834.515038
92866804504.55312
12248503284.296417
12248503284.296528
213693191150.92676
66385455499.11937
12248503284.29625
12248503284.296509
67518367368.03279
212559934435.40115
212559934435.4064
67518367368.033775
12248503284.29657
12248503284.296436
15681542053.9991
101727647794.69281
12248503284.296555
482439551294.8198
66385455499.119804
12248503284.296467
12248503284.296535
23160725151.89569
92807375938.45076
213693191150.92102
92866804504.55336
23068705556.0067
12248503284.296532
12248503284.296547
12248503284.296494
101899587105.35445
12248503284.297039
12248503284.296532
12248503284.29758
85294103916.50421
12248503284.296494
12248503284.296555
86373473811.47906
12248503284.296677
12162101959.566717
87739178287.49136
12162101959.565353
12162101959.56539
12162101959.565727
96275847792.95117
12162101959.565475
12162101959.565445
83987455231.87068
12162101959.565441
12162101959.56542
23519222719.411064
98118731601.04471
12162101959.565529
105625962944.40202
12162101959.565342
12162101959.565382
15568693063.411789
22329441581.002247
89499121505.99428
12162101959.567032
12162101959.56546
173611373510.74225
89977079712.31244
438581340683.14703
12162101959.565414
44467536615.43675
252368509936.51236
172488699085.62347
91044752278.55975
12162101959.565826
12162101959.56591
15563083197.450348
105459693672.6193
12162101959.565834
484648793066.0272
43287666730.00079
12162101959.5649
12162101959.565872
23519012554.464157
89438846336.23277
253496794227.59338
96333389951.0929
12162101959.565804
12162101959.5657
12162101959.566193
22329631254.86389
98293343750.4096
12162101959.56588
12162101959.565868
12162101959.564795
86721814711.48105
12162101959.565796
12162101959.56578
85111406261.10779
12162101959.565872
12343386044.090958
80369115379.22249
12343386044.090286
12343386044.0902
12343386044.090385
80764044688.56366
38118930395.9218
12343386044.090363
82457215737.4362
12343386044.090294
12343386044.09032
12343386044.090298
96659171670.76935
12343386044.09018
89467799446.13153
40969068839.70727
12343386044.090065
15765877113.416363
12343386044.090302
87640715525.07181
12343386044.09013
12343386044.090305
288797958618.4701
41470950111.725426
449979342601.73773
12343386044.090271
89596752602.16528
63643468886.5774
287578833506.551
42685283338.8733
12343386044.089401
12343386044.089586
15771938642.872566
89284030277.66365
38119118677.715576
12343386044.089676
88497588434.68954
12343386044.089897
12343386044.08968
12343386044.089851
87580204281.59756
64856532469.04067
80827504784.20563
12343386044.089596
12343386044.089672
12343386044.0905
38034946310.16477
96833930457.61249
12343386044.09056
12343386044.091637
12343386044.089676
79215376968.49855
12343386044.089706
499956288258.01373
83501846617.94429
12343386044.089645
12430918641.802809
81892236222.96225
447827935462.04266
12430918641.804106
12430918641.804134
84121151305.31592
12430918641.804161
12430918641.804016
80784263257.75572
12430918641.804134
12430918641.804134
40698137006.308395
92909899830.19966
12430918641.803715
93090716887.77892
12430918641.804092
12430918641.80412
15885407368.430176
37716173607.98734
84183676271.2603
12430918641.804272
12430918641.803997
176871271469.82544
64821962491.411896
12430918641.804062
12430918641.804123
65987955009.511696
175646866676.52908
175646866676.52722
65987955009.51179
12430918641.804123
12430918641.804193
15885407368.430023
92909899830.20038
37800942880.3064
497549199728.5513
64821962491.41062
12430918641.804153
12430918641.8042
12430918641.804184
84121151305.31552
176871271469.8253
84183676271.2608
40603687292.39647
12430918641.804146
12430918641.804173
12430918641.8041
93090716887.77843
12430918641.804188
12430918641.804226
12430918641.804182
80784263257.75595
12430918641.804153
12430918641.804
81892236222.96297
12430918641.80406
12343386044.088936
83501846617.94388
12343386044.090225
12343386044.090246
12343386044.090254
87580204281.59746
12343386044.090172
12343386044.09024
79215376968.499
12343386044.090242
12343386044.089455
41062643700.690956
89284030277.66356
12343386044.090118
96833930457.61247
40968859056.59857
12343386044.090307
15771938642.873238
12343386044.09024
80827504784.20572
12343386044.090263
12343386044.090292
64856532469.04329
88497588434.68964
449979342601.7377
12343386044.090302
42685283338.87329
287578833506.5491
64856532469.04196
88497588434.68958
449979342601.7378
12343386044.090536
12343386044.09072
96833930457.61237
12343386044.09024
12343386044.090225
42685283338.873024
12343386044.090233
12343386044.090233
40968859056.59826
80827504784.20561
287578833506.54834
87580204281.59767
41062643700.69074
12343386044.090235
12343386044.09018
12343386044.090233
89284030277.66367
15771938642.872452
12343386044.090221
12343386044.090157
83501846617.94339
12343386044.090057
12343386044.09024
79215376968.49852
12343386044.090889
103558004817.52321
51053586809.23776
132310404945.56755
528097232.9386427
56271530027.50125
47689505798.72419
53990522189.27015
118017614287.86765
62382027968.0187
67678682803.177536
471049692.3437211
48158212693.51538
64636764310.336494
-55050121913.905624
53545332032.06227
48069414890.12449
471049692.3435456
562488839.7927055
53890970326.64494
57610616196.41142
5497906759.05191
528097232.93866473
194977240643.92175
91679373519.97256
132310404945.56734
118017614287.86743
126922404770.64886
35934656617.52605
194977240643.92258
91679373519.97217
132310404945.56787
528097232.93916255
67678682803.177574
53545332032.061646
53890970326.645226
118017614287.86768
126922404770.64914
56271530027.501595
471049692.34347194
48069414890.12548
57610616196.41087
35934656617.525085
47689505798.72525
48158212693.514854
471049692.34341854
5497906759.050957
53990522189.26897
64636764310.33723
562488839.7924309
528097232.9386215
103558004817.52353
51053586809.2383
132310404945.56769
118017614287.8675
62382027968.01894
-55050121913.90706
24143930339.046486
56798734220.197296
131751071820.13564
653659415.1274401
30884310207.254894
52702834325.2134
53759378661.46248
117518702950.67659
56798734220.198
34127292204.092655
583048058.5550565
47952038373.958824
59138076392.59394
24143930339.048294
59138076392.59389
47952038373.959
583048058.5550488
34127292204.09378
53759378661.46232
52702834325.2135
30884310207.255463
653659415.1275595
115728123945.21567
108951698366.38249
131751071820.1357
117518702950.67654
108951698366.38179
115728123945.2175
115728123945.21693
108951698366.38205
131751071820.13576
653659415.1275519
34127292204.093044
59138076392.59387
53759378661.462555
117518702950.67691
108951698366.38174
30884310207.25531
583048058.5549384
47952038373.959076
52702834325.21353
115728123945.21649
52702834325.21348
47952038373.95896
583048058.5549613
30884310207.254807
53759378661.4626
59138076392.59404
34127292204.09311
653659415.1273193
24143930339.04805
56798734220.19756
131751071820.13599
117518702950.6769
56798734220.19797
24143930339.04756
-55050121913.909546
62382027968.01932
132310404945.56793
528097232.93891954
5497906759.051032
57610616196.4109
53890970326.64535
118017614287.8675
51053586809.237625
562488839.7913948
471049692.3435604
48069414890.125046
53545332032.061554
103558004817.52402
64636764310.33726
48158212693.51479
471049692.3434536
67678682803.178375
53990522189.26908
47689505798.725266
56271530027.50156
528097232.9387653
35934656617.52425
126922404770.64856
132310404945.56775
118017614287.86722
91679373519.97253
194977240643.9245
35934656617.525055
126922404770.64935
132310404945.56786
528097232.93876314
562488839.7921395
64636764310.337296
53990522189.269516
118017614287.86719
91679373519.97186
5497906759.051052
471049692.34358114
48158212693.514496
47689505798.72502
194977240643.9229
57610616196.41089
48069414890.12516
471049692.3436231
56271530027.5017
53890970326.64567
53545332032.06161
67678682803.177795
528097232.938797
-55050121913.9075
62382027968.01897
132310404945.56784
118017614287.86766
51053586809.23854
103558004817.52365
127585058919.93077
51809634909.461395
137443152644.79556
4106307052.676889
64480009740.995514
44896126944.96917
57181026435.64228
121748951823.76363
64109291706.11696
76711186886.90903
3637420780.226101
50651705077.93906
63136977009.84046
-83711107389.97751
51199699557.90328
50496497794.34693
3637420780.2259674
-16931174877.916721
57005811963.14846
55711323270.239525
-10612510598.42517
4106307052.6770244
193169314746.7835
80199789942.34879
137443152644.79544
121748951823.76338
115083648221.56725
-18987268990.74553
193169314746.78336
80199789942.34874
137443152644.79556
4106307052.6772494
76711186886.90851
51199699557.903465
57005811963.148384
121748951823.76382
115083648221.567
64480009740.99606
3637420780.2258067
50496497794.3466
55711323270.23977
-18987268990.74672
44896126944.968925
50651705077.93955
3637420780.225799
-10612510598.42558
57181026435.641785
63136977009.8405
-16931174877.916416
4106307052.676918
127585058919.93146
51809634909.46163
137443152644.7955
121748951823.76338
64109291706.117096
-83711107389.9772
21790695331.171764
58029390117.78635
136841327345.7258
4235556822.2493806
26917617508.969994
50374983684.26354
56906725087.79081
121215847060.57338
58029390117.78668
29881791549.02901
3751911925.5911913
50408725337.28198
57230352559.34135
21790695331.17086
57230352559.34127
50408725337.28192
3751911925.5911837
29881791549.02897
56906725087.79107
50374983684.263535
26917617508.96958
4235556822.249426
87343384350.30602
97356784899.13284
136841327345.7256
121215847060.5735
97356784899.1327
87343384350.3053
87343384350.3053
97356784899.13275
136841327345.72585
4235556822.249334
29881791549.028877
57230352559.3414
56906725087.79097
121215847060.57376
97356784899.13307
26917617508.969574
3751911925.5910163
50408725337.281975
50374983684.26342
87343384350.30591
50374983684.26358
50408725337.281906
3751911925.591047
26917617508.969994
56906725087.79119
57230352559.34128
29881791549.02897
4235556822.2493973
21790695331.170837
58029390117.78678
136841327345.72601
121215847060.57378
58029390117.78644
21790695331.171646
-83711107389.97906
64109291706.11621
137443152644.79544
4106307052.6767273
-10612510598.42598
55711323270.23963
57005811963.149155
121748951823.76343
51809634909.46084
-16931174877.91637
3637420780.226024
50496497794.34605
51199699557.903305
127585058919.93121
63136977009.84046
50651705077.93931
3637420780.2259707
76711186886.90862
57181026435.64213
44896126944.9692
64480009740.9963
4106307052.6768456
-18987268990.746414
115083648221.56776
137443152644.7957
121748951823.76384
80199789942.34944
193169314746.785
-18987268990.74742
115083648221.56671
137443152644.79575
4106307052.676919
-16931174877.915955
63136977009.84055
57181026435.64181
121748951823.76399
80199789942.34859
-10612510598.426073
3637420780.2260785
50651705077.939415
44896126944.96936
193169314746.78445
55711323270.23967
50496497794.34627
3637420780.2260785
64480009740.996254
57005811963.14876
51199699557.90348
76711186886.90793
4106307052.6771355
-83711107389.97784
64109291706.11764
137443152644.79547
121748951823.76364
51809634909.461525
127585058919.93234
148488690383.76678
52574573594.92313
142371723672.12915
7506213963.1716
73256769296.31529
42333580649.74667
60210401612.63801
125131397758.70708
65921777076.84758
86322579679.4612
6597258366.068952
52919298292.35816
62088247306.331535
-109591266627.03174
49111395317.81395
52707764237.15414
6597258366.06883
-34934212553.70285
59969722865.38419
54199379837.50508
-27200581544.813526
7506213963.171798
190739012127.4344
68913559770.47156
142371723672.13
125131397758.70767
103408049166.93326
-68581553482.00304
190739012127.43448
68913559770.47197
142371723672.12967
7506213963.1718445
86322579679.46039
49111395317.81458
59969722865.384285
125131397758.70697
103408049166.93341
73256769296.3161
6597258366.069124
52707764237.154
54199379837.50447
-68581553482.00239
42333580649.746
52919298292.358154
6597258366.068937
-27200581544.813152
60210401612.63811
62088247306.33237
-34934212553.70268
7506213963.1716385
148488690383.7661
52574573594.92348
142371723672.1293
125131397758.70734
65921777076.847565
-109591266627.03162
19275312325.123524
59306264297.43738
141728673582.93347
7637411530.557236
22997004814.271564
48354632557.78639
59900554641.67675
124566217016.25018
59306264297.43734
25671627398.410484
6712568728.02879
52646971853.036194
55675557573.28879
19275312325.12425
55675557573.28873
52646971853.03622
6712568728.02879
25671627398.41098
59900554641.67673
48354632557.7865
22997004814.271935
7637411530.557222
61308893675.06647
85935707358.61388
141728673582.93344
124566217016.25015
85935707358.61392
61308893675.067215
61308893675.066444
85935707358.61362
141728673582.9335
7637411530.557154
25671627398.410873
55675557573.28867
59900554641.676704
124566217016.25009
85935707358.61374
22997004814.271732
6712568728.028775
52646971853.036194
48354632557.78637
61308893675.06696
48354632557.78645
52646971853.036224
6712568728.028756
22997004814.271954
59900554641.67668
55675557573.28877
25671627398.410797
7637411530.557331
19275312325.124054
59306264297.437836
141728673582.93344
124566217016.25009
59306264297.43762
19275312325.124573
-109591266627.03139
65921777076.84827
142371723672.12903
7506213963.172135
-27200581544.812878
54199379837.50465
59969722865.38438
125131397758.70757
52574573594.92366
-34934212553.70302
6597258366.06827
52707764237.15409
49111395317.8141
148488690383.7667
62088247306.3321
52919298292.35781
6597258366.068827
86322579679.46127
60210401612.63829
42333580649.74595
73256769296.31581
7506213963.171814
-68581553482.00346
103408049166.93265
142371723672.1294
125131397758.70753
68913559770.47122
190739012127.43463
-68581553482.00436
103408049166.93289
142371723672.12967
7506213963.171759
-34934212553.70361
62088247306.33225
60210401612.637566
125131397758.70755
68913559770.47162
-27200581544.813324
6597258366.068966
52919298292.358696
42333580649.74631
190739012127.43448
54199379837.50482
52707764237.15381
6597258366.068882
73256769296.31564
59969722865.38448
49111395317.81439
86322579679.46106
7506213963.172108
-109591266627.03111
65921777076.84812
142371723672.1295
125131397758.70692
52574573594.92322
148488690383.76855
166221116678.60202
53278144458.04877
147097608116.98294
10710204632.340662
82479870302.7236
39990783735.24821
63112450695.552986
128138360848.57233
67732612297.111946
96375710974.26326
9329778257.505623
54977957050.34957
61505354253.79115
-132539166945.86813
47272893845.607834
54718560095.32155
9329778257.50579
-53327902241.84596
62814673578.81386
53088497777.80457
-44167679205.273964
10710204632.340929
187591176011.47946
57847805462.077
147097608116.98343
128138360848.57207
91944056134.27783
-112743273538.04791
187591176011.4806
57847805462.077866
147097608116.98367
10710204632.34099
96375710974.26324
47272893845.6079
62814673578.81328
128138360848.57193
91944056134.27887
82479870302.72318
9329778257.505465
54718560095.32198
53088497777.804825
-112743273538.04625
39990783735.24829
54977957050.34891
9329778257.505705
-44167679205.27342
63112450695.5534
61505354253.791306
-53327902241.84587
10710204632.34114
166221116678.60037
53278144458.047806
147097608116.9835
128138360848.57175
67732612297.11064
-132539166945.86945
16648283284.13136
60551766983.0838
146414522154.63007
10841563834.04565
19111301569.2487
46642592104.11287
62773821068.054375
127543317076.92213
60551766983.08391
21487925445.87118
9444206717.657558
54682973019.28302
54476964223.24577
16648283284.132092
54476964223.24571
54682973019.282936
9444206717.657536
21487925445.87147
62773821068.05436
46642592104.113014
19111301569.24894
10841563834.04566
37630103195.79578
74726063194.50945
146414522154.63
127543317076.92221
74726063194.50955
37630103195.79653
37630103195.79513
74726063194.50891
146414522154.62976
10841563834.045742
21487925445.87139
54476964223.24559
62773821068.05428
127543317076.92194
74726063194.5096
19111301569.24812
9444206717.657574
54682973019.28288
46642592104.11303
37630103195.79645
46642592104.11306
54682973019.28295
9444206717.657597
19111301569.249126
62773821068.05417
54476964223.245575
21487925445.871765
10841563834.045776
16648283284.13137
60551766983.084366
146414522154.62976
127543317076.92204
60551766983.08375
16648283284.132736
-132539166945.8691
67732612297.11282
147097608116.98383
10710204632.341467
-44167679205.27372
53088497777.80444
62814673578.813416
128138360848.57169
53278144458.05032
-53327902241.845276
9329778257.505493
54718560095.32219
47272893845.6078
166221116678.6015
61505354253.79116
54977957050.348816
9329778257.505753
96375710974.2627
63112450695.553566
39990783735.24801
82479870302.72366
10710204632.340605
-112743273538.04727
91944056134.27695
147097608116.98322
128138360848.57185
57847805462.075485
187591176011.4797
-112743273538.0487
91944056134.27731
147097608116.98288
10710204632.340746
-53327902241.84613
61505354253.79137
63112450695.55322
128138360848.57152
57847805462.07539
-44167679205.273384
9329778257.50605
54977957050.3489
39990783735.24801
187591176011.47913
53088497777.80446
54718560095.32226
9329778257.505695
82479870302.72304
62814673578.813194
47272893845.60804
96375710974.26323
10710204632.340847
-132539166945.86815
67732612297.11255
147097608116.9837
128138360848.57277
53278144458.050446
166221116678.6028
180774453090.94434
53854809840.10055
151621731314.3116
13694229770.601244
91990268258.05125
37845443426.09472
65932408969.17947
130735064245.50363
69449059101.41937
106695615451.82243
11807779751.18132
56849883243.83465
61399256254.68936
-152415104887.62842
45669553457.0295
56549006815.82721
11807779751.181679
-71947908256.34102
65583463526.047844
52386201592.51492
-61368234516.03453
13694229770.600552
183645809167.4429
47024724062.77208
151621731314.31158
130735064245.50334
80750450510.77785
-151404396553.65552
183645809167.44388
47024724062.77225
151621731314.31253
13694229770.602165
106695615451.82149
45669553457.02999
65583463526.046715
130735064245.50359
80750450510.77727
91990268258.04913
11807779751.180841
56549006815.82773
52386201592.51548
-151404396553.6543
37845443426.09565
56849883243.8333
11807779751.18165
-61368234516.03378
65932408969.17975
61399256254.68987
-71947908256.34094
13694229770.601063
180774453090.94485
53854809840.099625
151621731314.31076
130735064245.50307
69449059101.41931
-152415104887.62955
13973576141.58617
61687809050.13377
150899766203.55206
13824054256.674463
15254325718.416613
45230979952.77107
65570411989.952415
130112553512.2463
61687809050.13429
17325776271.837784
11919720251.92844
56537753195.41806
53632351773.41946
13973576141.585651
53632351773.41934
56537753195.4181
11919720251.928432
17325776271.8378
65570411989.95247
45230979952.77101
15254325718.416115
13824054256.674448
16301819173.226921
63768361918.60865
150899766203.55222
130112553512.24635
63768361918.608444
16301819173.22654
16301819173.227331
63768361918.6082
150899766203.55206
13824054256.674303
17325776271.838318
53632351773.41935
65570411989.95251
130112553512.2462
63768361918.6091
15254325718.416199
11919720251.928396
56537753195.41812
45230979952.771355
16301819173.226818
45230979952.77123
56537753195.418274
11919720251.928366
15254325718.416653
65570411989.95253
53632351773.419464
17325776271.837452
13824054256.674303
13973576141.586075
61687809050.13428
150899766203.55203
130112553512.24626
61687809050.13342
13973576141.585594
-152415104887.62878
69449059101.41757
151621731314.31088
13694229770.600864
-61368234516.034996
52386201592.51501
65583463526.04729
130735064245.50447
53854809840.09918
-71947908256.34082
11807779751.181871
56549006815.82734
45669553457.02992
180774453090.9449
61399256254.68967
56849883243.83418
11807779751.18138
106695615451.82129
65932408969.17933
37845443426.09506
91990268258.05121
13694229770.601074
-151404396553.6549
80750450510.77927
151621731314.31158
130735064245.50348
47024724062.7734
183645809167.44235
-151404396553.65317
80750450510.77856
151621731314.31125
13694229770.60136
-71947908256.34032
61399256254.68897
65932408969.17991
130735064245.50443
47024724062.77336
-61368234516.03469
11807779751.181229
56849883243.83396
37845443426.095345
183645809167.44205
52386201592.51523
56549006815.82694
11807779751.181374
91990268258.05054
65583463526.04783
45669553457.029144
106695615451.82211
13694229770.600779
-152415104887.62827
69449059101.41812
151621731314.31122
130735064245.50328
53854809840.0993
180774453090.94373
192194977094.2182
54249542067.47582
155944922536.8864
16427258714.429298
101593498730.61554
35858570994.54417
68728287950.57816
132876147013.67892
70976824367.65036
117073455459.66272
13997190857.265429
58561381449.01407
61775859497.65831
-169109753785.17758
44276214302.71383
58222939751.60923
13997190857.265856
-90582781355.64642
68331089014.041176
52090680825.38477
-78604182465.27562
16427258714.429733
178851135003.91687
36460138853.52112
155944922536.88763
132876147013.67932
69899645903.11717
-184553825494.37936
178851135003.91687
36460138853.52074
155944922536.88748
16427258714.429764
117073455459.66296
44276214302.71348
68331089014.04276
132876147013.67874
69899645903.11789
101593498730.6142
13997190857.265625
58222939751.608055
52090680825.384384
-184553825494.379
35858570994.544174
58561381449.0134
13997190857.265404
-78604182465.2742
68728287950.57831
61775859497.65831
-90582781355.64644
16427258714.429567
192194977094.21802
54249542067.47662
155944922536.8866
132876147013.67844
70976824367.64996
-169109753785.17822
6903559540.628164
68777847796.30365
6903559540.628174
6903559540.628275
6903559540.628302
49528278867.95773
106004264677.09236
609996171411.661
68777847796.30469
7975037693.566383
53840783355.44877
6903559540.628311
59466237860.48141
6903559540.628586
59466237860.48114
6903559540.628181
6903559540.628279
7975037693.562662
106004264677.09259
49528278867.95782
6903559540.62838
6903559540.62829
6903559540.628319
39766919159.80859
6903559540.628326
6903559540.628296
39766919159.8075
6903559540.628265
6903559540.629559
39766919159.808174
6903559540.628143
6903559540.628185
7975037693.566174
59466237860.4811
106004264677.09253
609996171411.6608
39766919159.809555
6903559540.628176
53840783355.44892
6903559540.628334
49528278867.95766
6903559540.627342
49528278867.957565
6903559540.628143
6903559540.628137
6903559540.628194
106004264677.09271
59466237860.48123
7975037693.562694
6903559540.628048
6903559540.628155
68777847796.30396
6903559540.628174
6903559540.628174
68777847796.30252
6903559540.627581
-169109753785.17743
70976824367.64938
155944922536.88696
16427258714.429422
-78604182465.27396
52090680825.38453
68331089014.04191
132876147013.67973
54249542067.47781
-90582781355.64583
13997190857.266148
58222939751.609
44276214302.71357
192194977094.21677
61775859497.658165
58561381449.013695
13997190857.265324
117073455459.66241
68728287950.57843
35858570994.54389
101593498730.61426
16427258714.429806
-184553825494.37708
69899645903.1188
155944922536.88733
132876147013.67906
36460138853.5195
178851135003.91632
-184553825494.37793
69899645903.1181
155944922536.8863
16427258714.430103
-90582781355.64612
61775859497.658516
68728287950.57857
132876147013.67963
36460138853.52052
-78604182465.27563
13997190857.265568
58561381449.01302
35858570994.54433
178851135003.91684
52090680825.38504
58222939751.60927
13997190857.26538
101593498730.61514
68331089014.041115
44276214302.71387
117073455459.66202
16427258714.429436
-169109753785.17725
70976824367.64919
155944922536.88724
132876147013.67894
54249542067.476036
192194977094.21637
200597185801.2016
54424551252.661125
160069157170.6092
18871909489.810818
111066607443.70013
33967630455.932667
71570671294.21477
134502555678.08028
72226499792.23737
127276978178.24692
15857646168.5226
60139244629.16686
62635905623.90558
-182567695677.45114
43053080213.99654
59764475078.55769
15857646168.521654
-108977766915.10066
71124664556.29974
52187891638.370514
-95622993959.42992
18871909489.810528
173197700176.01083
26162932477.664463
160069157170.60925
134502555678.08144
59482594254.779045
-212261100756.72592
173197700176.00946
26162932477.66597
160069157170.60913
18871909489.81102
127276978178.24605
43053080213.99563
71124664556.3006
134502555678.07976
59482594254.7791
111066607443.70058
15857646168.521433
59764475078.55917
52187891638.369736
-212261100756.7255
33967630455.932964
60139244629.16623
15857646168.521238
-95622993959.42966
71570671294.21404
62635905623.90574
-108977766915.09895
18871909489.810707
200597185801.20065
54424551252.660416
160069157170.60852
134502555678.08092
72226499792.23747
-182567695677.44962
8788731541.475798
63347965866.54332
159273127927.8263
18994951918.526592
7648983712.028781
43208111860.74138
71169939972.66785
133833669994.90953
63347965866.54319
9083049802.92939
15961035987.095304
59802519004.81114
52955299677.18523
8788731541.474342
52955299677.1851
59802519004.811195
15961035987.095297
9083049802.92836
71169939972.66797
43208111860.741394
7648983712.027931
18994951918.52665
-19399652203.11814
42792509742.2169
159273127927.82623
133833669994.90935
42792509742.21709
-19399652203.11969
-19399652203.119156
42792509742.21661
159273127927.82635
18994951918.5266
9083049802.92896
52955299677.18524
71169939972.6678
133833669994.90929
42792509742.21763
7648983712.027958
15961035987.095274
59802519004.81101
43208111860.741264
-19399652203.118473
43208111860.74097
59802519004.8115
15961035987.095316
7648983712.029087
71169939972.66817
52955299677.184906
9083049802.928398
18994951918.52664
8788731541.474579
63347965866.54378
159273127927.8262
133833669994.90936
63347965866.54289
8788731541.475365
-182567695677.45084
72226499792.23764
160069157170.60815
18871909489.809757
-95622993959.42937
52187891638.3697
71124664556.30078
134502555678.08185
54424551252.6608
-108977766915.09982
15857646168.52225
59764475078.55807
43053080213.995804
200597185801.2014
62635905623.90572
60139244629.16708
15857646168.521807
127276978178.24655
71570671294.21371
33967630455.932755
111066607443.70023
18871909489.81112
-212261100756.72656
59482594254.77887
160069157170.60825
134502555678.08162
26162932477.66516
173197700176.01138
-212261100756.7267
59482594254.77832
160069157170.60815
18871909489.81087
-108977766915.0995
62635905623.90521
71570671294.2144
134502555678.08188
26162932477.665436
-95622993959.42947
15857646168.52217
60139244629.166
33967630455.93366
173197700176.0111
52187891638.370544
59764475078.55832
15857646168.521616
111066607443.69916
71124664556.3004
43053080213.995415
127276978178.24701
18871909489.810406
-182567695677.45108
72226499792.23814
160069157170.60834
134502555678.08102
54424551252.66073
200597185801.20215
206175405253.67932
54366211715.26123
164000051089.0711
20987153788.967476
120171099826.95605
32078644044.450703
74539712508.4474
135537232305.01727
73122217418.42334
137068599517.70656
17344755197.494274
61603068188.79762
63977702814.91489
-192814207447.3399
41941421323.416176
61190640880.73898
17344755197.493755
-126846186380.73715
74040675465.69467
52650306737.54578
-112121346444.13608
20987153788.967598
166731347595.8648
16135237416.785978
164000051089.07095
135537232305.01704
49615584198.44206
-234702037591.234
166731347595.8653
16135237416.785913
164000051089.07224
20987153788.967827
137068599517.70729
41941421323.41635
74040675465.6937
135537232305.01614
49615584198.44159
120171099826.95604
17344755197.493595
61190640880.73976
52650306737.54574
-234702037591.2333
32078644044.450798
61603068188.79881
17344755197.493793
-112121346444.1362
74539712508.44676
63977702814.91507
-126846186380.73813
20987153788.96779
206175405253.6795
54366211715.26095
164000051089.0712
135537232305.01738
73122217418.42375
-192814207447.34055
6441672915.25692
63765294132.934784
163169158086.322
21106264514.2785
3948662714.0647316
42497732097.15214
74118145161.62138
134850543872.99353
63765294132.93439
5039011543.49293
17443193813.453373
61254665422.827644
53072719453.66501
6441672915.258114
53072719453.66509
61254665422.82768
17443193813.45335
5039011543.493572
74118145161.62148
42497732097.152176
3948662714.0655174
21106264514.27853
-33874998331.150993
32884905474.582386
163169158086.32193
134850543872.99345
32884905474.58252
-33874998331.149788
-33874998331.150963
32884905474.58275
163169158086.32187
21106264514.278515
5039011543.492587
53072719453.665215
74118145161.62135
134850543872.9934
32884905474.58155
3948662714.0655646
17443193813.4533
61254665422.827705
42497732097.15213
-33874998331.15046
42497732097.15211
61254665422.8276
17443193813.453278
3948662714.0649853
74118145161.62129
53072719453.66521
5039011543.493862
21106264514.27846
6441672915.25745
63765294132.934364
163169158086.3218
134850543872.99333
63765294132.93547
6441672915.258129
-192814207447.33893
73122217418.42285
164000051089.07077
20987153788.96732
-112121346444.1357
52650306737.546074
74040675465.69379
135537232305.01709
54366211715.2611
-126846186380.73837
17344755197.494053
61190640880.73955
41941421323.416466
206175405253.6789
63977702814.91543
61603068188.79841
17344755197.49438
137068599517.70746
74539712508.44682
32078644044.451035
120171099826.95525
20987153788.96767
-234702037591.23215
49615584198.44205
164000051089.07117
135537232305.01761
16135237416.785358
166731347595.86353
-234702037591.23453
49615584198.44217
164000051089.07147
20987153788.967705
-126846186380.73827
63977702814.91468
74539712508.44704
135537232305.01717
16135237416.786945
-112121346444.13522
17344755197.493275
61603068188.798454
32078644044.4505
166731347595.865
52650306737.545334
61190640880.73873
17344755197.493862
120171099826.95564
74040675465.69489
41941421323.41571
137068599517.70825
20987153788.96795
-192814207447.34015
73122217418.42374
164000051089.07114
135537232305.0174
54366211715.2605
206175405253.67944
