40303470945.0
231255870255.0
74021554107.0
6204447807.0
31469885566.0
106118670003.0
28197848142.0
82018342500.0
224085979555.0
37575684098.0
6874734412.0
31244153066.0
117433671324.0
40503736639.0
111295347228.0
31375222260.0
6874734412.0
37637664608.0
28316138090.0
110634589344.0
31518291465.0
6204447807.0
40857347128.0
769681084824.0
74021554107.0
82018342500.0
8711066440.0
41061506264.0
40857347128.0
769681084824.0
74021554107.0
6204447807.0
33743646338.0
111822751652.0
28197848142.0
82018342500.0
8711066440.0
35043707688.0
6874734412.0
31244153066.0
111158862580.0
41061506264.0
105618168493.0
31375222260.0
6874734412.0
35097610719.0
28316138090.0
116879803377.0
33799305961.0
6204447807.0
40303470945.0
202835272679.0
74021554107.0
82018342500.0
255484154848.0
40503736639.0
40503736639.0
243077256594.0
74021554107.0
6204447807.0
31518291465.0
108644929071.0
28197848142.0
82018342500.0
213203848919.0
37637664608.0
6874734412.0
31244153066.0
114631486388.0
40503736639.0
114090834757.0
31375222260.0
6874734412.0
33799305961.0
28316138090.0
108132512632.0
35097610719.0
6204447807.0
41061506264.0
8286817129.0
74021554107.0
82018342500.0
8286817129.0
41061506264.0
41061506264.0
8286817129.0
74021554107.0
6204447807.0
33799305961.0
114631486388.0
28197848142.0
82018342500.0
8286817129.0
35097610719.0
6874734412.0
31244153066.0
108644929071.0
41061506264.0
108132512632.0
31375222260.0
6874734412.0
31518291465.0
28316138090.0
114090834757.0
37637664608.0
6204447807.0
40503736639.0
213203848919.0
74021554107.0
82018342500.0
243077256594.0
40503736639.0
40503736639.0
255484154848.0
74021554107.0
6204447807.0
35097610719.0
111158862580.0
28197848142.0
82018342500.0
202835272679.0
33799305961.0
6874734412.0
31244153066.0
111822751652.0
40303470945.0
116879803377.0
31375222260.0
6874734412.0
33743646338.0
28316138090.0
105618168493.0
35043707688.0
6204447807.0
41061506264.0
8711066440.0
74021554107.0
82018342500.0
769681084824.0
40857347128.0
41061506264.0
8711066440.0
74021554107.0
6204447807.0
37637664608.0
117433671324.0
28197848142.0
82018342500.0
769681084824.0
31518291465.0
6874734412.0
31244153066.0
106118670003.0
40857347128.0
110634589344.0
31375222260.0
6874734412.0
31469885566.0
28316138090.0
111295347228.0
37575684098.0
6204447807.0
40503736639.0
224085979555.0
74021554107.0
82018342500.0
231255870255.0
40303470945.0
40303470945.0
243077256594.0
82018342500.0
6874734412.0
33743646338.0
114631486388.0
31244153066.0
91384634700.0
27203775834.0
40340922287.0
7659812107.0
34812158200.0
22396351234.0
40503736639.0
120384067815.0
34958195173.0
7659812107.0
7468715103.0
31375222260.0
119650743727.0
33799305961.0
6874734412.0
40857347128.0
8286817129.0
82018342500.0
91384634700.0
9155099561.0
41061506264.0
40857347128.0
8286817129.0
82018342500.0
6874734412.0
36226880422.0
120954541708.0
31244153066.0
91384634700.0
9155099561.0
37575684098.0
7659812107.0
34812158200.0
120217742557.0
41061506264.0
114090834757.0
34958195173.0
7659812107.0
37637664608.0
31375222260.0
22231061758.0
6673278229.0
6874734412.0
40303470945.0
213203848919.0
82018342500.0
91384634700.0
9126025498.0
40503736639.0
40503736639.0
255484154848.0
82018342500.0
6874734412.0
33799305961.0
117433671324.0
31244153066.0
91384634700.0
224085979555.0
7468715103.0
7659812107.0
34812158200.0
124078601239.0
40503736639.0
123493392931.0
34958195173.0
7659812107.0
6673278229.0
31375222260.0
116879803377.0
37637664608.0
6874734412.0
41061506264.0
8711066440.0
82018342500.0
91384634700.0
8711066440.0
41061506264.0
41061506264.0
8711066440.0
82018342500.0
6874734412.0
6673278229.0
124078601239.0
31244153066.0
91384634700.0
8711066440.0
37637664608.0
7659812107.0
34812158200.0
117433671324.0
41061506264.0
116879803377.0
34958195173.0
7659812107.0
33799305961.0
31375222260.0
123493392931.0
7468715103.0
6874734412.0
40503736639.0
224085979555.0
82018342500.0
91384634700.0
255484154848.0
40503736639.0
40503736639.0
9126025498.0
82018342500.0
6874734412.0
37637664608.0
120217742557.0
31244153066.0
91384634700.0
213203848919.0
6673278229.0
7659812107.0
34812158200.0
120954541708.0
40303470945.0
22231061758.0
34958195173.0
7659812107.0
36226880422.0
31375222260.0
114090834757.0
37575684098.0
6874734412.0
41061506264.0
9155099561.0
82018342500.0
91384634700.0
8286817129.0
40857347128.0
41061506264.0
9155099561.0
82018342500.0
6874734412.0
7468715103.0
22396351234.0
31244153066.0
91384634700.0
8286817129.0
33799305961.0
7659812107.0
34812158200.0
114631486388.0
40857347128.0
119650743727.0
34958195173.0
7659812107.0
33743646338.0
31375222260.0
120384067815.0
40340922287.0
6874734412.0
40503736639.0
27203775834.0
82018342500.0
91384634700.0
243077256594.0
40303470945.0
40303470945.0
255484154848.0
91384634700.0
7659812107.0
36226880422.0
124078601239.0
34812158200.0
102451978002.0
28575055861.0
8013345872.0
8587471013.0
39028163519.0
24305756604.0
40503736639.0
22913559346.0
39191886630.0
8587471013.0
8028602123.0
34958195173.0
22770477351.0
6673278229.0
7659812107.0
40857347128.0
8711066440.0
91384634700.0
102451978002.0
9618131744.0
41061506264.0
40857347128.0
8711066440.0
91384634700.0
7659812107.0
7159904456.0
23083923238.0
34812158200.0
102451978002.0
9618131744.0
40340922287.0
8587471013.0
39028163519.0
22939777419.0
41061506264.0
123493392931.0
39191886630.0
8587471013.0
7468715103.0
34958195173.0
24126375341.0
7173535878.0
7659812107.0
40303470945.0
224085979555.0
91384634700.0
102451978002.0
9586047539.0
40503736639.0
40503736639.0
9126025498.0
91384634700.0
7659812107.0
6673278229.0
22396351234.0
34812158200.0
102451978002.0
27203775834.0
8028602123.0
8587471013.0
39028163519.0
23696544864.0
40503736639.0
23521659704.0
39191886630.0
8587471013.0
7173535878.0
34958195173.0
22231061758.0
7468715103.0
7659812107.0
41061506264.0
9155099561.0
91384634700.0
102451978002.0
9155099561.0
41061506264.0
41061506264.0
9155099561.0
91384634700.0
7659812107.0
7173535878.0
23696544864.0
34812158200.0
102451978002.0
9155099561.0
7468715103.0
8587471013.0
39028163519.0
22396351234.0
41061506264.0
22231061758.0
39191886630.0
8587471013.0
6673278229.0
34958195173.0
23521659704.0
8028602123.0
7659812107.0
40503736639.0
27203775834.0
91384634700.0
102451978002.0
9126025498.0
40503736639.0
40503736639.0
9586047539.0
91384634700.0
7659812107.0
7468715103.0
22939777419.0
34812158200.0
102451978002.0
224085979555.0
7173535878.0
8587471013.0
39028163519.0
23083923238.0
40303470945.0
24126375341.0
39191886630.0
8587471013.0
7159904456.0
34958195173.0
123493392931.0
40340922287.0
7659812107.0
41061506264.0
9618131744.0
91384634700.0
102451978002.0
8711066440.0
40857347128.0
41061506264.0
9618131744.0
91384634700.0
7659812107.0
8028602123.0
24305756604.0
34812158200.0
102451978002.0
8711066440.0
6673278229.0
8587471013.0
39028163519.0
124078601239.0
40857347128.0
22770477351.0
39191886630.0
8587471013.0
36226880422.0
34958195173.0
22913559346.0
8013345872.0
7659812107.0
40503736639.0
28575055861.0
91384634700.0
102451978002.0
255484154848.0
40303470945.0
40303470945.0
9126025498.0
102451978002.0
8587471013.0
7159904456.0
23696544864.0
39028163519.0
115658678292.0
29998249304.0
8621565582.0
9694449698.0
44059137722.0
26429075526.0
40503736639.0
24883705509.0
44243965766.0
9694449698.0
8639228200.0
39191886630.0
24724627190.0
7173535878.0
8587471013.0
40857347128.0
9155099561.0
102451978002.0
115658678292.0
10098850551.0
41061506264.0
40857347128.0
9155099561.0
102451978002.0
8587471013.0
7703347243.0
25068717573.0
39028163519.0
115658678292.0
10098850551.0
8013345872.0
9694449698.0
44059137722.0
24908456496.0
41061506264.0
23521659704.0
44243965766.0
9694449698.0
8028602123.0
39191886630.0
26234023752.0
7719128748.0
8587471013.0
40303470945.0
27203775834.0
102451978002.0
115658678292.0
10063484926.0
40503736639.0
40503736639.0
9586047539.0
102451978002.0
8587471013.0
7173535878.0
24305756604.0
39028163519.0
115658678292.0
28575055861.0
8639228200.0
9694449698.0
44059137722.0
25751542647.0
40503736639.0
25561491199.0
44243965766.0
9694449698.0
7719128748.0
39191886630.0
24126375341.0
8028602123.0
8587471013.0
41061506264.0
9618131744.0
102451978002.0
115658678292.0
9618131744.0
41061506264.0
41061506264.0
9618131744.0
102451978002.0
8587471013.0
7719128748.0
25751542647.0
39028163519.0
115658678292.0
9618131744.0
8028602123.0
9694449698.0
44059137722.0
24305756604.0
41061506264.0
24126375341.0
44243965766.0
9694449698.0
7173535878.0
39191886630.0
25561491199.0
8639228200.0
8587471013.0
40503736639.0
28575055861.0
102451978002.0
115658678292.0
9586047539.0
40503736639.0
40503736639.0
10063484926.0
102451978002.0
8587471013.0
8028602123.0
24908456496.0
39028163519.0
115658678292.0
27203775834.0
7719128748.0
9694449698.0
44059137722.0
25068717573.0
40303470945.0
26234023752.0
44243965766.0
9694449698.0
7703347243.0
39191886630.0
23521659704.0
8013345872.0
8587471013.0
41061506264.0
10098850551.0
102451978002.0
115658678292.0
9155099561.0
40857347128.0
41061506264.0
10098850551.0
102451978002.0
8587471013.0
8639228200.0
26429075526.0
39028163519.0
115658678292.0
9155099561.0
7173535878.0
9694449698.0
44059137722.0
23696544864.0
40857347128.0
24724627190.0
44243965766.0
9694449698.0
7159904456.0
39191886630.0
24883705509.0
8621565582.0
8587471013.0
40503736639.0
29998249304.0
102451978002.0
115658678292.0
9126025498.0
40303470945.0
40303470945.0
9586047539.0
115658678292.0
9694449698.0
7703347243.0
25751542647.0
44059137722.0
131593873968.0
31467551311.0
9283485449.0
11030129434.0
50129507808.0
28790293872.0
40503736639.0
27074358412.0
50339801049.0
11030129434.0
9303967491.0
44243965766.0
26897476408.0
7719128748.0
9694449698.0
40857347128.0
9618131744.0
115658678292.0
131593873968.0
10595311864.0
41061506264.0
40857347128.0
9618131744.0
115658678292.0
9694449698.0
8294770985.0
27275658132.0
44059137722.0
131593873968.0
10595311864.0
8621565582.0
11030129434.0
50129507808.0
27097460998.0
41061506264.0
25561491199.0
50339801049.0
11030129434.0
8639228200.0
44243965766.0
28577815843.0
8313071638.0
9694449698.0
40303470945.0
28575055861.0
115658678292.0
131593873968.0
10556390311.0
40503736639.0
40503736639.0
10063484926.0
115658678292.0
9694449698.0
7719128748.0
26429075526.0
44059137722.0
131593873968.0
29998249304.0
9303967491.0
11030129434.0
50129507808.0
28036949942.0
40503736639.0
27830031739.0
50339801049.0
11030129434.0
8313071638.0
44243965766.0
26234023752.0
8639228200.0
9694449698.0
41061506264.0
10098850551.0
115658678292.0
131593873968.0
10098850551.0
41061506264.0
41061506264.0
10098850551.0
115658678292.0
9694449698.0
8313071638.0
28036949942.0
44059137722.0
131593873968.0
10098850551.0
8639228200.0
11030129434.0
50129507808.0
26429075526.0
41061506264.0
26234023752.0
50339801049.0
11030129434.0
7719128748.0
44243965766.0
27830031739.0
9303967491.0
9694449698.0
40503736639.0
29998249304.0
115658678292.0
131593873968.0
10063484926.0
40503736639.0
40503736639.0
10556390311.0
115658678292.0
9694449698.0
8639228200.0
27097460998.0
44059137722.0
131593873968.0
28575055861.0
8313071638.0
11030129434.0
50129507808.0
27275658132.0
40303470945.0
28577815843.0
50339801049.0
11030129434.0
8294770985.0
44243965766.0
25561491199.0
8621565582.0
9694449698.0
41061506264.0
10595311864.0
115658678292.0
131593873968.0
9618131744.0
40857347128.0
41061506264.0
10595311864.0
115658678292.0
9694449698.0
9303967491.0
28790293872.0
44059137722.0
131593873968.0
9618131744.0
7719128748.0
11030129434.0
50129507808.0
25751542647.0
40857347128.0
26897476408.0
50339801049.0
11030129434.0
7703347243.0
44243965766.0
27074358412.0
9283485449.0
9694449698.0
40503736639.0
31467551311.0
115658678292.0
131593873968.0
9586047539.0
40303470945.0
40303470945.0
10063484926.0
131593873968.0
11030129434.0
8294770985.0
28036949942.0
50129507808.0
151064396137.0
32974978919.0
10001834012.0
12662138381.0
57546628862.0
31413987890.0
40503736639.0
29509485678.0
57788036918.0
12662138381.0
10025612518.0
50339801049.0
29312936508.0
8313071638.0
11030129434.0
40857347128.0
10098850551.0
131593873968.0
151064396137.0
11104833088.0
41061506264.0
40857347128.0
10098850551.0
131593873968.0
11030129434.0
8936613626.0
29728890736.0
50129507808.0
151064396137.0
11104833088.0
9283485449.0
12662138381.0
57546628862.0
29530880210.0
41061506264.0
27830031739.0
57788036918.0
12662138381.0
9303967491.0
50339801049.0
31182146483.0
8957859662.0
11030129434.0
40303470945.0
29998249304.0
131593873968.0
151064396137.0
11062085655.0
40503736639.0
40503736639.0
10556390311.0
131593873968.0
11030129434.0
8313071638.0
28790293872.0
50129507808.0
151064396137.0
31467551311.0
10025612518.0
12662138381.0
57546628862.0
30577277630.0
40503736639.0
30351611309.0
57788036918.0
12662138381.0
8957859662.0
50339801049.0
28577815843.0
9303967491.0
11030129434.0
41061506264.0
10595311864.0
131593873968.0
151064396137.0
10595311864.0
41061506264.0
41061506264.0
10595311864.0
131593873968.0
11030129434.0
8957859662.0
30577277630.0
50129507808.0
151064396137.0
10595311864.0
9303967491.0
12662138381.0
57546628862.0
28790293872.0
41061506264.0
28577815843.0
57788036918.0
12662138381.0
8313071638.0
50339801049.0
30351611309.0
10025612518.0
11030129434.0
40503736639.0
31467551311.0
131593873968.0
151064396137.0
10556390311.0
40503736639.0
40503736639.0
11062085655.0
131593873968.0
11030129434.0
9303967491.0
29530880210.0
50129507808.0
151064396137.0
29998249304.0
8957859662.0
12662138381.0
57546628862.0
29728890736.0
40303470945.0
31182146483.0
57788036918.0
12662138381.0
8936613626.0
50339801049.0
27830031739.0
9283485449.0
11030129434.0
41061506264.0
11104833088.0
131593873968.0
151064396137.0
10098850551.0
40857347128.0
41061506264.0
11104833088.0
131593873968.0
11030129434.0
10025612518.0
31413987890.0
50129507808.0
151064396137.0
10098850551.0
8313071638.0
12662138381.0
57546628862.0
28036949942.0
40857347128.0
29312936508.0
57788036918.0
12662138381.0
8294770985.0
50339801049.0
29509485678.0
10001834012.0
11030129434.0
40503736639.0
32974978919.0
131593873968.0
151064396137.0
10063484926.0
40303470945.0
40303470945.0
10556390311.0
151064396137.0
12662138381.0
8936613626.0
30577277630.0
57546628862.0
175198944632.0
34510071939.0
10778334225.0
14685083567.0
66740468976.0
34323932844.0
40503736639.0
32213156374.0
67020445184.0
14685083567.0
10805953274.0
57788036918.0
31995117963.0
8957859662.0
12662138381.0
40857347128.0
10595311864.0
151064396137.0
175198944632.0
11623890454.0
41061506264.0
40857347128.0
10595311864.0
151064396137.0
12662138381.0
9630414620.0
32452663411.0
57546628862.0
175198944632.0
11623890454.0
10001834012.0
14685083567.0
66740468976.0
32233003869.0
41061506264.0
30351611309.0
67020445184.0
14685083567.0
10025612518.0
57788036918.0
34070615471.0
9655092172.0
12662138381.0
40303470945.0
31467551311.0
151064396137.0
175198944632.0
11577061889.0
40503736639.0
40503736639.0
11062085655.0
151064396137.0
12662138381.0
8957859662.0
31413987890.0
57546628862.0
175198944632.0
32974978919.0
10805953274.0
14685083567.0
66740468976.0
33396740892.0
40503736639.0
33150266378.0
67020445184.0
14685083567.0
9655092172.0
57788036918.0
31182146483.0
10025612518.0
12662138381.0
41061506264.0
11104833088.0
151064396137.0
175198944632.0
11104833088.0
41061506264.0
41061506264.0
11104833088.0
151064396137.0
12662138381.0
9655092172.0
33396740892.0
57546628862.0
175198944632.0
11104833088.0
10025612518.0
14685083567.0
66740468976.0
31413987890.0
41061506264.0
31182146483.0
67020445184.0
14685083567.0
8957859662.0
57788036918.0
33150266378.0
10805953274.0
12662138381.0
40503736639.0
32974978919.0
151064396137.0
175198944632.0
11062085655.0
40503736639.0
40503736639.0
11577061889.0
151064396137.0
12662138381.0
10025612518.0
32233003869.0
57546628862.0
175198944632.0
31467551311.0
9655092172.0
14685083567.0
66740468976.0
32452663411.0
40303470945.0
34070615471.0
67020445184.0
14685083567.0
9630414620.0
57788036918.0
30351611309.0
10001834012.0
12662138381.0
41061506264.0
11623890454.0
151064396137.0
175198944632.0
10595311864.0
40857347128.0
41061506264.0
11623890454.0
151064396137.0
12662138381.0
10805953274.0
34323932844.0
57546628862.0
175198944632.0
10595311864.0
8957859662.0
14685083567.0
66740468976.0
30577277630.0
40857347128.0
31995117963.0
67020445184.0
14685083567.0
8936613626.0
57788036918.0
32213156374.0
10778334225.0
12662138381.0
40503736639.0
34510071939.0
151064396137.0
175198944632.0
10556390311.0
40303470945.0
40303470945.0
11062085655.0
175198944632.0
14685083567.0
9630414620.0
33396740892.0
66740468976.0
205615428075.0
36059635506.0
11613144965.0
17234577242.0
78327355951.0
37540862025.0
40503736639.0
35207869119.0
78655939139.0
17234577242.0
11645214402.0
67020445184.0
34966719330.0
9655092172.0
14685083567.0
40857347128.0
11104833088.0
175198944632.0
205615428075.0
12148030184.0
41061506264.0
40857347128.0
11104833088.0
175198944632.0
14685083567.0
10376315925.0
35469642051.0
66740468976.0
205615428075.0
12148030184.0
10778334225.0
17234577242.0
78327355951.0
35226699297.0
41061506264.0
33150266378.0
78655939139.0
17234577242.0
10805953274.0
67020445184.0
37263803082.0
10404969887.0
14685083567.0
40303470945.0
32974978919.0
175198944632.0
205615428075.0
12096892545.0
40503736639.0
40503736639.0
11577061889.0
175198944632.0
14685083567.0
9655092172.0
34323932844.0
66740468976.0
205615428075.0
34510071939.0
11645214402.0
17234577242.0
78327355951.0
36517311115.0
40503736639.0
36247806179.0
78655939139.0
17234577242.0
10404969887.0
67020445184.0
34070615471.0
10805953274.0
14685083567.0
41061506264.0
11623890454.0
175198944632.0
205615428075.0
11623890454.0
41061506264.0
41061506264.0
11623890454.0
175198944632.0
14685083567.0
10404969887.0
36517311115.0
66740468976.0
205615428075.0
11623890454.0
10805953274.0
17234577242.0
78327355951.0
34323932844.0
41061506264.0
34070615471.0
78655939139.0
17234577242.0
9655092172.0
67020445184.0
36247806179.0
11645214402.0
14685083567.0
40503736639.0
34510071939.0
175198944632.0
205615428075.0
11577061889.0
40503736639.0
40503736639.0
12096892545.0
175198944632.0
14685083567.0
10805953274.0
35226699297.0
66740468976.0
205615428075.0
32974978919.0
10404969887.0
17234577242.0
78327355951.0
35469642051.0
40303470945.0
37263803082.0
78655939139.0
17234577242.0
10376315925.0
67020445184.0
33150266378.0
10778334225.0
14685083567.0
41061506264.0
12148030184.0
175198944632.0
205615428075.0
11104833088.0
40857347128.0
41061506264.0
12148030184.0
175198944632.0
14685083567.0
11645214402.0
37540862025.0
66740468976.0
205615428075.0
11104833088.0
9655092172.0
17234577242.0
78327355951.0
33396740892.0
40857347128.0
34966719330.0
78655939139.0
17234577242.0
9630414620.0
67020445184.0
35207869119.0
11613144965.0
14685083567.0
40503736639.0
36059635506.0
175198944632.0
205615428075.0
11062085655.0
40303470945.0
40303470945.0
11577061889.0
205615428075.0
17234577242.0
10376315925.0
36517311115.0
78327355951.0
244699352420.0
37607561323.0
12504146080.0
20510571263.0
93216026917.0
41079058286.0
40503736639.0
38511926842.0
93607068067.0
20510571263.0
33517105303.0
78655939139.0
38246486532.0
10404969887.0
17234577242.0
40857347128.0
11623890454.0
205615428075.0
244699352420.0
12671806105.0
41061506264.0
40857347128.0
11623890454.0
205615428075.0
17234577242.0
11172423188.0
38798265671.0
78327355951.0
244699352420.0
12671806105.0
11613144965.0
20510571263.0
93216026917.0
38530851794.0
41061506264.0
36247806179.0
93607068067.0
20510571263.0
11645214402.0
78655939139.0
40775886759.0
33517105303.0
17234577242.0
40303470945.0
34510071939.0
205615428075.0
244699352420.0
12616173786.0
40503736639.0
40503736639.0
12096892545.0
205615428075.0
17234577242.0
10404969887.0
37540862025.0
78327355951.0
244699352420.0
36059635506.0
33517105303.0
20510571263.0
93216026917.0
39955703056.0
40503736639.0
39660822112.0
93607068067.0
20510571263.0
33517105303.0
78655939139.0
37263803082.0
11645214402.0
17234577242.0
41061506264.0
12148030184.0
205615428075.0
244699352420.0
12148030184.0
41061506264.0
41061506264.0
12148030184.0
205615428075.0
17234577242.0
33517105303.0
39955703056.0
78327355951.0
244699352420.0
12148030184.0
11645214402.0
20510571263.0
93216026917.0
37540862025.0
41061506264.0
37263803082.0
93607068067.0
20510571263.0
10404969887.0
78655939139.0
39660822112.0
33517105303.0
17234577242.0
40503736639.0
36059635506.0
205615428075.0
244699352420.0
12096892545.0
40503736639.0
40503736639.0
12616173786.0
205615428075.0
17234577242.0
11645214402.0
38530851794.0
78327355951.0
244699352420.0
34510071939.0
33517105303.0
20510571263.0
93216026917.0
38798265671.0
40303470945.0
40775886759.0
93607068067.0
20510571263.0
11172423188.0
78655939139.0
36247806179.0
11613144965.0
17234577242.0
41061506264.0
12671806105.0
205615428075.0
244699352420.0
11623890454.0
40857347128.0
41061506264.0
12671806105.0
205615428075.0
17234577242.0
33517105303.0
41079058286.0
78327355951.0
244699352420.0
11623890454.0
10404969887.0
20510571263.0
93216026917.0
36517311115.0
40857347128.0
38246486532.0
93607068067.0
20510571263.0
10376315925.0
78655939139.0
38511926842.0
12504146080.0
17234577242.0
40503736639.0
37607561323.0
205615428075.0
244699352420.0
11577061889.0
40303470945.0
40303470945.0
12096892545.0
244699352420.0
20510571263.0
11172423188.0
39955703056.0
93216026917.0
296086216428.0
773771943817.0
35935039165.0
24817791228.0
112791392569.0
275006624848.0
40503736639.0
254528752114.0
113264552361.0
24817791228.0
36049985312.0
93607068067.0
252776259066.0
33517105303.0
20510571263.0
40857347128.0
12148030184.0
244699352420.0
296086216428.0
13188758930.0
41061506264.0
40857347128.0
12148030184.0
244699352420.0
20510571263.0
35935039165.0
259753698808.0
93216026917.0
296086216428.0
13188758930.0
12504146080.0
24817791228.0
112791392569.0
257965230718.0
41061506264.0
39660822112.0
113264552361.0
24817791228.0
33517105303.0
93607068067.0
269474865485.0
36049985312.0
20510571263.0
40303470945.0
36059635506.0
244699352420.0
296086216428.0
864012048483.0
40503736639.0
40503736639.0
12616173786.0
244699352420.0
20510571263.0
33517105303.0
41079058286.0
93216026917.0
296086216428.0
37607561323.0
36049985312.0
24817791228.0
112791392569.0
267525995815.0
40503736639.0
262144709335.0
113264552361.0
24817791228.0
36049985312.0
93607068067.0
40775886759.0
33517105303.0
20510571263.0
41061506264.0
12671806105.0
244699352420.0
296086216428.0
12671806105.0
41061506264.0
41061506264.0
12671806105.0
244699352420.0
20510571263.0
36049985312.0
267525995815.0
93216026917.0
296086216428.0
12671806105.0
33517105303.0
24817791228.0
112791392569.0
41079058286.0
41061506264.0
40775886759.0
113264552361.0
24817791228.0
33517105303.0
93607068067.0
262144709335.0
36049985312.0
20510571263.0
40503736639.0
37607561323.0
244699352420.0
296086216428.0
12616173786.0
40503736639.0
40503736639.0
864012048483.0
244699352420.0
20510571263.0
33517105303.0
257965230718.0
93216026917.0
296086216428.0
36059635506.0
36049985312.0
24817791228.0
112791392569.0
259753698808.0
40303470945.0
269474865485.0
113264552361.0
24817791228.0
35935039165.0
93607068067.0
39660822112.0
12504146080.0
20510571263.0
41061506264.0
13188758930.0
244699352420.0
296086216428.0
12148030184.0
40857347128.0
41061506264.0
13188758930.0
244699352420.0
20510571263.0
36049985312.0
275006624848.0
93216026917.0
296086216428.0
12148030184.0
33517105303.0
24817791228.0
112791392569.0
39955703056.0
40857347128.0
252776259066.0
113264552361.0
24817791228.0
11172423188.0
93607068067.0
254528752114.0
35935039165.0
20510571263.0
40503736639.0
773771943817.0
244699352420.0
296086216428.0
12096892545.0
40303470945.0
