470657241149.31854
120113917902.77481
384506135865.47424
54150474655.19735
306697988772.4166
61685177389.321686
182489242709.2756
303180111017.858
165055857441.36038
347691765296.2872
42697233283.25883
143891337356.03214
153130047219.72906
-458315221689.13135
88753542459.00235
142766553648.53455
42697235861.16906
-360646238215.62354
181062663675.01135
122351845652.56743
-320782557923.47046
54150474655.19662
338973084415.0525
-8592055402.848385
384506135865.4767
303180148311.5533
70826026076.33374
-595893537769.3682
338973073346.43677
-8592065355.358377
384506118726.501
54150468706.851875
347691744540.43555
88753544504.6945
181062683986.6891
303180134797.60175
70826047956.57495
306698000581.6909
42697243810.62413
142766527757.09882
122351849324.97508
-595893537101.8802
61685176896.78807
143891389222.59076
42697241477.04824
-320782571130.567
182489203617.18976
153130043770.433
-360646217776.8075
54150468706.85428
470657240678.16614
120113928352.84521
384506118726.50006
303180172670.3603
165055834586.3916
-458315217211.62085
5524809635.683702
142653674881.02808
382495733424.57184
54408495376.04444
-7206582190.325274
92315584431.76822
181403247817.7019
301594999236.3571
142653680702.94305
-6646851161.343684
42900683187.89625
143035086442.00095
121188086980.00494
5524787548.4526615
121188085090.88713
143035090005.20944
42900684994.850815
-6646867657.12944
181403245369.77466
92315585701.13637
-7206599545.365051
54408495376.04435
-128286795528.05789
31311549261.918564
382495733424.5712
301594999236.3581
31311546613.65628
-128286817677.92374
-128286799729.4721
31311547895.63272
382495734242.8729
54408491674.12502
-6646854729.058304
121188085427.30649
181403243644.96365
301594999881.583
31311551955.699627
-7206590056.532836
42900690448.248116
143035092418.1136
92315586138.805
-128286810153.68636
92315585590.81172
143035091209.689
42900687425.9203
-7206591937.311138
181403244994.17218
121188085977.17749
-6646864546.222908
54408491674.12505
5524800560.050034
142653677062.76337
382495734242.8727
301594999541.9387
142653674411.83643
5524790879.2302475
-458315200072.0571
165055845548.835
384506079821.4833
54150473043.38988
-320782552066.3381
122351846499.25456
181062657897.82834
303180226756.72473
120113924167.47847
-360646216916.54333
42697236373.042305
142766561538.2942
88753545170.17223
470657226880.13416
153130045008.88968
143891379029.0612
42697239303.72558
347691742944.6989
182489211286.95142
61685178660.938156
306697980882.7647
54150473043.39083
-595893526696.9325
70826034675.7439
384506079821.48517
303180179696.0816
-8592059157.379044
338973055227.15594
-595893525098.5006
70826035328.02087
384506100677.0309
54150471666.43674
-360646219750.2459
153130045258.2831
182489211374.44467
303180196140.5274
-8592063508.69426
-320782561496.21545
42697240565.11445
143891379201.29553
61685177662.6256
338973070204.3931
122351847413.60594
142766547847.3923
42697238205.183136
306697991215.7734
181062668900.8382
88753544889.35129
347691745414.0902
54150471666.435005
-458315215461.78265
165055846111.04077
384506100677.03357
303180158301.9182
120113927402.98558
470657227789.2837
375296591966.65497
96893122985.13112
301292815899.19196
41003253515.08538
231974464946.44824
53520884570.562416
139855820452.1735
243542839382.4835
131989442561.01349
263559091047.6875
33144001319.73329
113049095208.52873
118301335739.50653
-359381553897.1566
73057965764.75018
112229254856.09805
33144004583.853676
-260642500740.52362
138841524399.71286
95946039161.86407
-231481341787.4655
41003255743.12738
284772547004.07745
9831880792.814938
301292852846.15985
243542897887.76944
71063639206.75435
-454496573174.93616
284772523585.3475
9831884219.194231
301292804380.0384
41003252552.63606
263559066457.5301
73057965649.14697
138841535942.1966
243542858711.33255
71063669552.13727
231974461764.8411
33144008358.975964
112229239985.38197
95946043295.79375
-454496560199.3217
53520887524.62777
113049124965.23045
33144005504.962383
-231481340068.99225
139855797922.39725
118301329690.00885
-260642475756.3513
41003250535.96274
375296578510.714
96893122113.83284
301292841873.5437
243542909076.9537
131989409654.70001
-359381534656.3865
7491044227.467795
114484602540.13904
299738866181.6219
41211006970.90241
109975973.78879914
74972949760.90573
139048578755.84473
242286790166.57135
114484613746.25998
1323244952.410442
33311935523.821682
112396611910.91713
95881646778.41174
7490981150.20478
95881642580.15207
112396613755.60881
33311938285.66079
1323203538.4936905
139048577888.60492
74972953214.27658
109930233.09351349
41211008533.14425
-84699587256.3386
40538742266.95651
299738866181.6243
242286789863.09045
40538739665.697876
-84699651187.97787
-84699599691.06415
40538742285.80296
299738866939.75867
41211007191.88744
1323235391.3110373
95881642429.72653
139048576824.24796
242286790475.91168
40538751048.005394
109957766.49434437
33311940669.718426
112396614660.59741
74972954048.98088
-84699625803.44186
74972952510.72514
112396614407.49918
33311937418.36448
109948403.23299408
139048577759.61215
95881643859.56085
1323212642.042221
41211004577.83715
7491018497.052048
114484605294.22699
299738866602.20575
242286790475.91367
114484599763.94489
7490992304.76033
-359381484873.30664
131989417358.5257
301292826066.066
41003252377.07829
-231481307213.11148
95946038444.45477
138841522748.22092
243542937867.5773
96893125983.9152
-260642454701.22058
33144003548.928555
112229256638.50711
73057969362.21866
375296544884.2982
118301329692.41881
113049120934.31328
33144006758.070282
263559045487.99954
139855800905.2905
53520889261.47051
231974428086.36926
41003254908.182846
-454496530044.8834
71063655961.98514
301292779448.83246
243542878929.74493
9831885889.234734
284772474746.2908
-454496529262.2783
71063648606.40244
301292831778.04346
41003254042.16011
-260642464274.06467
118301331030.66887
139855800979.1943
243542921849.85532
9831881106.31623
-231481327414.97882
33144006988.246586
113049120530.1797
53520887703.88777
284772510992.6997
95946039918.16484
112229250258.60733
33144004416.518673
231974450149.17343
138841528346.47144
73057968152.64905
263559053553.22644
41003252002.50362
-359381523744.76514
131989427560.18568
301292794318.4771
243542870716.1473
96893127948.4444
375296547738.4757
294794413340.91266
77990019297.52519
234427308241.35065
29715835115.165703
170605646583.7369
46371073505.34231
106299075619.12912
194210821707.96307
104714825071.64366
194706374760.57962
24618029398.622692
88063262332.91438
91442583201.10938
-274773210032.56674
60352198913.43658
87479361342.12164
24618032423.068924
-178500016193.5956
105594259710.29884
75381023090.51144
-157651135219.71307
29715837529.249
240401027340.80713
25053100509.21547
234427363664.46136
194210894337.18304
73001082082.24136
-332645445530.89935
240400989119.4383
25053107855.22852
234427298071.3065
29715835785.52784
194706350850.23004
60352198113.59932
105594265342.0088
194210839498.21234
73001116422.67249
170605634699.12885
24618034592.45397
87479353514.69579
75381027083.24297
-332645434739.2602
46371077596.197334
88063284196.48329
24618031360.722717
-157651125205.1913
106299059216.61534
91442576397.9187
-178499991595.87543
29715833666.407368
294794400413.4614
77990015648.37608
234427345765.39444
194210912107.5657
104714787195.95187
-274773174085.49725
9670960101.011219
91382561733.96793
233242434923.77072
29887355046.061596
6368369503.4647045
61066807399.82972
105698910806.60342
193229274688.94553
91382574439.81065
8000545094.701186
24760125990.142094
87566071825.28761
76059431718.38675
9670887319.795622
76059427650.69363
87566072177.05856
24760125962.88205
8000503401.981659
105698911105.00664
61066811058.517044
6368320360.751389
29887357082.78571
-45960009337.40026
49033225449.90366
233242434631.62088
193229274423.02765
49033222385.68533
-45960082800.22328
-45960022656.17042
49033226075.079895
233242435499.21854
29887356009.486935
8000535480.428291
76059427103.81111
105698910099.44727
193229275141.7894
49033232539.26169
6368352180.640966
24760128760.381664
87566073152.7591
61066812041.91119
-45960056791.350945
61066810391.47854
87566072992.55273
24760125636.626568
6368337866.668556
105698910729.57146
76059428746.5838
8000512273.448582
29887353607.1032
9670933519.148422
91382563995.85928
233242435499.22174
193229274875.87534
91382561756.13538
9670899698.609627
-274773103655.29163
104714793611.37262
234427318519.73508
29715836045.5916
-157651078264.18787
75381021182.70084
105594245193.96071
194210948813.63992
77990016145.1039
-178499967822.77444
24618029851.844913
87479378299.67287
60352202135.46683
294794348504.04016
91442576485.71864
88063278591.20082
24618032757.929817
194706327292.11896
106299063437.99165
46371080040.518845
170605586534.98703
29715838411.602413
-332645388743.48126
73001101857.04166
234427262705.35666
194210876022.27264
25053114954.726837
240400920100.5115
-332645390193.1356
73001089768.67542
234427329927.1211
29715837321.979443
-178499976969.9656
91442578035.66885
106299063174.3299
194210931756.78763
25053108130.450455
-157651106112.5232
24618033408.896748
88063278310.6681
46371078248.79124
240400972143.80472
75381022883.9977
87479369026.08733
24618030309.853355
170605616425.4807
105594253655.17966
60352200871.13301
194706334888.64307
29715835451.379063
-274773156224.6198
104714809671.08786
234427281518.78262
194210858933.62897
77990019122.11765
294794351918.61755
224051961656.16022
62329732323.09395
180490061421.35022
19813660157.181522
120178391573.01616
40409246726.86892
79914290103.03763
153120301913.94614
81938353733.48012
138220324378.0131
16809089120.926687
67795958284.98304
71133597929.70647
-199529456006.1595
50308667149.79255
67393908801.23526
16809090415.868763
-110956618969.73792
79440327344.69919
59745529847.42051
-96689148043.60783
19813661535.010494
203131891467.61182
37875741321.40766
180490125853.39825
153120361193.52884
76164432152.87819
-222938274504.41403
203131841833.5338
37875751980.18014
180490059177.0864
19813661314.10046
138220308568.08798
50308665520.14922
79440328840.63278
153120304595.43503
76164461086.95973
120178372893.37956
16809090687.024158
67393905938.4766
59745532794.48347
-222938265304.09344
40409251116.86127
67795963332.63538
16809089234.25697
-96689130579.29684
79914287149.17924
71133592096.53412
-110956602573.29675
19813659751.782585
224051953457.01993
62329725936.812805
180490123583.01242
153120363894.5291
81938320900.47072
-199529408431.40338
5045074507.829756
81685651952.50366
5045074507.829773
5045074507.829777
5045074507.8297615
58128883443.54904
123702064408.4986
5045074507.829926
81685747144.94296
5842637028.795798
5045074507.829851
5045074507.829735
70178431918.09372
5045074507.829717
70178413305.17282
5045074507.82975
78144162683.18263
5842407213.3353615
123702071231.6604
58128878150.10642
5045074507.829836
5045074507.82951
5045074507.829756
36716482786.31224
609474149929.9229
5045074507.829742
36716390537.976685
5045074507.829792
5045074522.813728
36716436543.99269
5045074522.813843
5045074522.813873
5842514231.871723
70178421272.16936
123702067454.62695
5045074522.813507
36716445731.47105
5045074542.846186
5045074522.813669
5045074522.813797
58128882922.126175
5045074522.813631
58128881827.787674
5045074510.3424835
78144161696.63672
5045074528.928905
123702068102.2843
70178420562.09016
5842529878.606101
5045074522.813679
5045074503.368468
81685699712.0194
5045074522.813873
717513852230.6501
81685691012.14531
5045074522.813749
-199529355341.02032
81938316334.9462
180490147864.56097
19813659486.82151
-96689106413.82996
59745529371.85943
79440342084.09602
153120334422.6345
62329737633.70513
-110956571560.32678
16809090019.688375
67393889809.32821
50308670136.58655
224051907223.1296
71133591175.9411
67795962451.32782
16809091188.998123
138220278583.59808
79914288112.09389
40409251102.79034
120178348641.65762
19813660758.160805
-222938216837.91376
76164458978.55627
180490083281.13245
153120274957.86197
37875746504.67154
203131790127.7171
-222938222170.67572
76164442118.81253
180490135552.1627
19813661058.646618
-110956583291.51593
71133592771.37283
79914287525.72162
153120319335.1049
37875743626.87678
-96689121894.80452
16809090228.505571
67795962001.27107
40409250145.76524
203131832773.92352
59745529901.99433
67393898346.77713
16809090211.763391
120178365481.41899
79440335247.0972
50308668789.65213
138220288767.76776
19813659615.96013
-199529397497.0877
81938336434.11862
180490070947.53583
153120319128.18073
62329737246.74992
224051910506.77655
158435863957.1477
49132198263.97185
136740642630.86514
10990065066.711422
79289757635.78459
35864941669.82369
58999788898.72218
118633298449.21844
62829342818.2208
92353524767.35072
9534749347.89828
51186971773.66412
56352166834.525276
-129544664056.7062
42749402707.04862
50932552019.7789
9534748654.907522
-56007751839.641846
58706531042.98857
48408803719.46134
-47059526375.71435
10990064182.007925
170752058880.97675
48945111221.29019
136740689642.7316
118633342063.80663
80090153848.8768
-118787354190.78313
170752011075.7562
48945110798.69653
136740641724.27814
10990064875.748653
92353507323.05534
42749401774.83004
58706538895.86985
118633300466.60936
80090175195.36346
79289753972.74858
9534748043.004076
50932542283.37593
48408806976.1144
-118787354050.24812
35864944673.482124
51186982679.53057
9534748843.08321
-47059523251.366394
58999781317.07438
56352161703.333916
-56007734934.95662
10990065621.390156
158435864684.57138
49132202458.90854
136740688758.76503
118633344447.65216
62829318068.17848
-129544619172.22763
14263170987.622581
56019145309.986755
136098851688.37303
11110214000.52374
16069266272.9633
42236310351.669716
58679610952.91981
118076500017.21165
56019155291.48602
18135109794.54406
9638988003.155869
50909195765.37255
49635486102.507
14263103927.471
49635482970.40454
50909196078.05729
9638987219.1853
18135081460.79545
58679611223.85521
42236313164.02847
16069232774.74884
11110213155.527466
26162112673.86615
64381506052.882835
136098851485.036
118076499827.8155
64381506449.93553
26162045232.175575
26162086149.683517
64381502391.5065
136098852375.04109
11110213618.990961
18135101659.58584
49635482808.88243
58679611579.620346
118076500599.96573
64381507136.14694
16069253677.63725
9638986748.95647
50909195832.24117
42236313585.59077
26162065851.421318
42236312628.96478
50909195919.13983
9638987522.618418
16069245698.28515
58679611767.27311
49635483844.63458
18135088552.46723
11110214449.600277
14263149664.924103
56019152623.20081
136098852171.69644
118076500599.96875
56019151153.404686
14263129474.135704
-129544593082.28345
62829319281.05368
136740665105.05864
10990065779.508446
-47059500634.06178
48408803547.00934
58706524008.02798
118633370855.45924
49132197563.58119
-56007731056.458916
9534749777.008743
50932559771.52905
42749403784.6146
158435834337.1583
56352162308.488686
51186982178.30709
9534748966.732937
92353503819.41844
58999781250.841934
35864945661.15215
79289730381.68233
10990064780.383522
-118787324169.1916
80090168605.30324
136740617928.2435
118633327050.58588
48945120567.410614
170751980700.50082
-118787324279.69177
80090154642.29681
136740653633.23714
10990065361.488993
-56007730301.18564
56352163227.5947
58999781103.65088
118633358051.64455
48945108284.73833
-47059515394.96516
9534748547.819029
51186981987.676704
35864944393.76639
170752012645.28418
48408804109.275795
50932551666.77676
9534749465.189169
79289746691.88937
58706531653.646355
42749403729.68947
92353501711.91518
10990065350.542107
-129544625559.64555
62829335794.32047
136740653444.11726
118633313880.30717
49132207222.957634
158435836276.43646
93968951106.87408
38048503362.15155
100976338813.11858
3060973345.4259953
47453402412.56882
32927069439.71708
42022974756.65318
89434307930.50218
47092222132.69862
56444451616.43884
2711091582.186251
37219567457.62908
46337922890.57848
-61820794762.43531
37561207694.71409
37104809546.29956
2711088246.624472
-12665731367.347252
41893404419.79813
40880342983.01427
-8008061663.470535
3060969801.158911
141795797781.4666
58731594886.346954
100976365774.7482
89434333304.48535
84338107488.57956
-14630988192.084915
141795750346.43063
58731600154.57527
100976337540.96349
3060968341.084446
56444454517.45604
37561205539.6514
41893400260.45143
89434308280.34058
84338113821.97668
47453393882.033066
2711089485.5713286
37104813437.71327
40880344757.121826
-14631000676.775766
32927072495.91504
37219565473.713486
2711092917.6194115
-8008053151.611279
42022976739.041016
46337919773.447586
-12665734541.700764
3060971987.878216
93968963741.51767
38048501175.80991
100976364823.38649
89434333956.20412
47092213019.93642
-61820746776.47445
15966294896.768896
42621542111.500885
100533941501.72713
3155905965.5201383
19710627428.952564
36956258760.75012
41821066634.08403
89042481523.5469
42621548699.879684
21883139327.879307
2795172802.4024262
37040737803.544266
41995286251.23082
15966256064.733278
41995284375.27793
37040739173.79257
2795166003.837865
21883130968.7753
41821066110.687416
36956260029.56581
19710617615.04206
3155902351.8544955
63767417138.81531
71326478623.84845
100533941340.46742
89042481523.55954
71326479408.24467
63767377297.68215
63767391475.950935
71326472208.76994
100533941056.03574
3155900762.211188
21883138716.308052
41995283909.59103
41821064675.742546
89042481271.63438
71326475341.79152
19710622990.98238
2795170788.066633
37040739985.840004
36956260248.946144
63767386139.63042
36956260135.17522
37040738673.6826
2795170788.0665708
19710622815.32814
41821065690.298645
41995284666.68487
21883130719.929157
3155904372.4992065
15966286440.562103
42621551402.02137
100533941056.03648
89042480968.09433
42621549743.44415
15966281981.004799
-61820734198.84065
47092205575.31589
100976368857.8018
3060974377.249677
-8008049064.24248
40880342841.09456
41893408393.524124
89434314860.07495
38048508076.69277
-12665716338.981634
2711088767.493565
37104803586.7267
37561208337.56182
93968926927.15027
46337919174.484344
37219568290.391045
2711088664.8392596
56444437064.050575
42022973978.17051
32927072212.29521
47453389769.46569
3060970727.181516
-14630962717.75383
84338115983.62097
100976341734.21107
89434314857.10295
58731598042.7465
141795739459.71265
-14630970202.466913
84338099677.10114
100976363392.73
3060969820.5749493
-12665718321.217823
46337919996.92381
42022973666.166336
89434334057.56352
58731592026.626526
-8008051659.927782
2711087753.472047
37219568001.32316
32927071622.775505
141795760514.06265
40880342868.846146
37104808631.09038
2711091185.523653
47453393409.65745
41893404144.94358
37561208006.07837
56444437973.79115
3060973573.174923
-61820755294.40277
47092224316.81293
100976335948.33601
89434308381.69589
38048511801.44643
93968933838.70306
7145742780.384026
49926503008.86923
257759185341.1203
7145742780.384424
7145742780.384457
52414863355.075165
7145742780.384434
7145742780.384491
50878555039.126
7145742780.38443
7145742780.384447
14052029945.764454
61822926876.94412
7145742780.384216
57613529298.254425
7145742780.384434
7145742778.718283
9143483500.508783
13329697189.346231
56464082912.80502
7145742780.384413
7145742780.384439
149372231979.4734
25400421957.901817
7145742780.382744
7145742780.384018
53454611812.9784
99836848521.7989
148708380106.5182
26093746597.807755
7145744045.793106
7145744045.793108
9146772594.357536
57510865829.59077
7145744045.793091
7145744045.793098
52827087317.89811
7145744045.793118
7145744060.808031
14052149248.784693
56430249828.70642
100497398892.3011
52450304345.985214
7145744045.786133
7145744045.79311
7145744045.810696
13329580790.356361
61920690451.205414
7145744045.793167
7145744045.79311
7145744045.726597
49266081024.51456
257759183504.88654
7145744045.793098
51476473280.01908
7145744045.7931
7196505594.957722
50671154366.74986
7196505594.957741
7196505594.95775
7196505594.957745
54393192814.9697
7196505594.957737
283566432596.04846
50036872413.309006
7196505594.957756
7196505594.9577465
13841512093.929747
59630733962.85986
7196505594.957762
59731828624.69809
13787434674.261766
7196505582.471795
9213069727.114029
7196505594.957245
54428136233.811646
7196505594.9577465
7196505584.409693
125015221394.79271
38969884089.71963
7196505594.957703
7196505594.957779
39635672976.39047
124348477973.10649
124348476087.54248
39635637592.77034
7196506271.356529
7196506271.356728
9213063522.738434
59630736100.02124
7196506271.356525
7196506271.357086
38969844915.888016
7196506271.356533
7196506271.357208
13841509142.863258
54393193591.97739
125015222322.46532
54428135449.16986
13787433252.466589
7196506271.359709
7196506271.356533
7196506271.337723
59731830761.63501
7196506271.35651
7196506271.354572
7196506271.356514
50036903815.64674
256590778538.83447
7196506271.356789
50671195184.76599
7196506271.356518
7145743511.39967
50878580709.71605
7145743511.3989105
7145743519.9764
7145743511.319225
56464082429.46277
7145743511.399052
284866708877.78064
49926544501.57199
9143477836.27159
7145743532.803614
13998578765.803133
57613532857.23293
7145743511.399712
61822927392.70712
14052029006.356068
7145743511.3989725
7145743511.398975
7145743511.398972
52414863452.609955
7145743511.39896
7145743511.398972
99836921474.00093
53454575140.06663
7145743511.398994
7145743511.398918
25400389238.090622
149372155956.77496
100497366297.96286
52827104108.616356
7145743738.731903
7145743738.731902
7145743738.731886
61920688686.990616
7145743738.731907
7145743738.731888
26093771019.865242
7145743756.855001
7145743738.73189
13998455605.803211
52450304410.92018
148708410626.54538
56430249502.1863
7145743747.509705
7145743738.731897
7145743632.019524
13378037138.620068
57510864665.9973
9146776174.43863
7145743741.938906
7145743737.731159
51476456720.63158
257759184794.18152
7145743738.73188
49266057292.23543
7145743738.731739
-42127650691.164055
23545671768.544617
46466268108.505
-10794733422.25959
10793279494.148165
32015014842.91359
14939136176.48456
42631252318.90183
26993436990.596928
14270406183.584166
-9903817246.865734
13706160771.376085
38067700524.0677
73199793912.60072
33803040287.914955
13951206999.70455
-9903828076.771168
41696749114.02936
15206229350.229156
35263985179.38833
40936238465.80791
-10794756102.140848
92996800835.52014
75003225604.12993
46466224803.606766
42631231539.29471
92184167855.97623
209650632922.55115
92996768298.31435
75003183723.07169
46466246467.58843
-10794749290.18981
14270421698.35797
33803040671.90534
15206228296.468845
42631251407.20644
92184136035.74844
10793294938.339912
-9903823196.648176
13951206971.164026
35263984981.96639
209650610749.7768
32015014141.483448
13706166724.338692
-9903812354.374983
40936225359.7052
14939130757.32918
38067700568.46
41696730878.05788
-10794749344.08107
-42127628816.804504
23545715514.666874
46466246484.162415
42631230723.3233
26993466302.695236
73199825862.23618
15672529866.06238
25313658900.969208
46331668280.66231
-10757667768.345589
25907040795.08333
33608831268.92527
15019123663.215195
42507759639.13043
25313662590.0502
28027673655.5958
-9869800767.77102
13779545466.623589
35911342862.29639
15672553627.477623
35911342103.7079
13779545266.156746
-9869800755.445227
28027681709.31611
15019124215.807032
33608831950.500114
25907043068.245876
-10757667742.609137
151479613808.10767
83225522743.08606
46331668197.530174
42507759639.13016
83225522963.53491
151479635972.72986
151479588915.12247
83225512016.02203
46331667958.38656
-10757678433.98509
28027683422.110596
35911341686.50839
15019120480.97755
42507759419.72388
83225514594.65317
25907046202.10372
-9869801086.620922
13779548725.094595
33608832276.92297
151479616673.11105
33608831744.351986
13779548873.04734
-9869790250.180637
25907038501.61171
15019120242.72869
35911342614.84721
28027671449.983025
-10757667120.627888
15672550328.171158
25313670713.13765
46331667958.38106
42507759340.09138
25313669949.508682
15672577828.613571
73199787372.92458
26993459579.430847
46466231374.72988
-10794741306.363031
40936217453.86592
35263983814.07128
15206229057.857342
42631235719.06166
23545710955.47095
41696724750.82909
-9903814446.778671
13951206814.812557
33803041512.1723
-42127646570.376564
38067701107.58886
13706166923.95008
-9903825392.29632
14270428310.50609
14939130474.011469
32015014041.876595
10793302452.448341
-10794752679.706491
209650626391.9643
92184140152.32698
46466252985.48954
42631256434.688965
75003190728.6819
92996807475.61952
209650607485.06198
92184147471.86592
46466235995.73921
-10794755414.158554
41696739744.61914
38067699912.83702
14939130453.511028
42631240855.2289
75003203908.06355
40936226239.79702
-9903817405.63997
13706166898.508707
32015014603.058414
92996792944.93668
35263984883.40313
13951207113.029469
-9903817393.271835
10793293026.555717
15206228352.864923
33803040954.982574
14270414087.20226
-10794743961.106556
73199799712.54245
26993453692.153206
46466257423.168785
42631240759.49716
23545695958.32014
-42127624495.58336
-116423174977.56416
21713810232.964905
24866052687.567104
-17247858650.250496
4895567984.1962595
33915600191.136395
3070570247.077227
23145844718.887394
23777509906.697895
6900093398.198484
-16054699893.69461
2858133556.817205
38635591494.88447
142668797276.76382
34975572968.31149
3351517920.6718726
-16054715804.8472
55356427936.811584
3600601228.593386
36168991621.92239
53578097999.42964
-17247875215.386562
73936380689.88518
81218283838.60315
24866002011.570396
23145795707.710255
95214449426.01846
335440975953.89886
73936352849.00269
81218227729.26532
24866041548.559277
-17247869912.68784
6900121000.639946
34975573325.45862
3600599549.68537
23145832653.287113
95214392141.77745
4895579079.947468
-16054712657.007175
3351520646.1351733
36168989948.15107
335440930096.71466
33915599034.501194
2858131732.423606
-16054712657.007797
53578089360.48337
3070572202.7616534
38635593008.983925
55356396218.76894
-17247853326.01396
-116423139139.73692
21713867760.272133
24865990949.706165
23145832653.28815
23777565964.014114
142668831863.4946
13436449522.593422
22750191533.89209
24859576679.465992
-17239376221.92549
29295457294.490265
34981550541.95599
3323314085.587392
23139862105.541344
22750194520.722584
31189333394.83376
-16046804798.56072
3093417428.324183
36753920719.22239
13436496573.642353
36753920127.72815
3093417207.8703637
-16046804798.560667
31189345685.85761
3323314576.961597
34981551070.90434
29295464204.59435
-17239376200.39555
204811434423.93582
87768091589.19067
24859576679.466
23139862105.542
87768091551.96152
204811478604.2959
204811399961.84378
87768078468.79941
24859577164.549435
-17239375767.452293
31189350244.50449
36753919437.17636
3323320719.127059
23139862557.067825
87768081279.92285
29295469167.538673
-16046821470.022114
3093411476.862628
34981551342.38758
204811443870.43918
34981550774.791016
3093411572.218715
-16046805498.024342
29295452559.866833
3323320423.9988203
36753920553.28669
31189327660.5723
-17239359234.113266
13436488792.437958
22750206073.556072
24859577117.973015
23139862557.061016
22750204451.480625
13436528954.75972
142668764626.54352
23777565109.178467
24866003742.792656
-17247858138.02261
53578077285.38956
36168989065.63391
3600601290.175052
23145794065.519093
21713871305.79779
55356388233.76818
-16054700025.327301
3351517813.197735
34975574971.34344
-116423165246.93652
38635593827.135475
2858132124.6546984
-16054716036.428148
6900129602.483112
3070571585.3540273
33915598212.404602
4895591989.015148
-17247874785.21927
335440956958.4803
95214390684.93773
24866054402.797356
23145842986.807983
81218225759.17532
73936422474.71767
335440918254.8838
95214425340.30281
24866016726.547737
-17247862093.371925
55356409780.643936
38635591446.34044
3070571692.8637085
23145807773.25528
81218266078.34883
53578093577.19548
-16054720284.364717
2858132356.7895675
33915600281.0066
73936382821.3496
36168990659.53829
3351520511.4002075
-16054704202.518547
4895572954.623852
3600599713.0457306
34975572872.2355
6900109602.31752
-17247862071.83249
142668805071.70905
23777531727.491295
24866016649.39043
23145856575.141132
21713829748.757614
-116423130899.71198
-196107859293.50098
24348323092.128113
5411919620.257243
-23868052020.997864
5459409877.051751
37371376640.89582
-8492391116.816785
5100456245.062453
25524613464.781853
6673690765.633661
-22494801706.21915
-8003843393.307333
41698037850.45491
215987682205.28073
38068867850.4501
-7216199956.308483
-22494801706.21948
63117730220.14382
-7656754959.845025
39065831490.879715
61259005996.02196
-23868074810.30929
58553336709.31149
86233028145.14882
5411836451.304159
5100456245.062743
97783907888.7641
474245249090.14417
58553274106.91242
86232942780.5274
5411857112.552768
-23868102073.154278
6673608275.053954
38068872250.64505
-7656744172.730978
5100475717.526073
97783918280.58893
5459508781.098548
-22494762667.46155
-7216217361.261516
39065834962.353485
474245213360.9973
37371372703.81985
-8003760452.683358
-22494762667.460182
61258909944.780014
-8492468821.439694
41698035152.731255
63117812455.60809
-23868102073.15577
-196107810415.91412
24348407955.143005
5411857112.554719
5100475717.527915
25524601486.470676
215987713817.95627
10456415430.990534
24872422068.20233
5527873012.04775
-23885323836.313377
33428828897.602863
38134916777.49091
-8049652899.712644
5209816413.538836
24872439410.71814
34970162322.77122
-22511058166.292458
-7586530644.478269
39808149415.51279
10456474753.22396
39808147691.071686
-7586514283.199832
-22511058166.292446
34970137010.83089
-8049667031.03629
38134915880.6235
33428862182.776623
-23885323836.313595
266486564340.80658
91483595107.32245
5527873012.045349
5209816413.539457
91483579409.8583
266486619982.25708
266486533464.71436
91483580865.90271
5527872045.970733
-23885362935.48389
34970164889.764046
39808147693.9956
-8049682720.096501
5209815503.051719
91483575495.12784
33428843675.90579
-22511030572.620834
-7586499337.421715
38134916458.03908
266486575450.09283
38134917437.98199
-7586508209.680561
-22511030572.62088
33428849075.996426
-8049676383.846885
39808149706.10344
34970135474.79034
-23885340112.092537
10456451691.891617
24872436183.292297
5527872045.96038
5209815503.050846
24872442492.448387
10456507757.963577
215987630139.98398
25524639577.40158
5411755453.197485
-23868063385.711945
61258935272.2505
39065831698.47724
-7656761670.702488
5100536562.496395
24348407251.308792
63117757060.084175
-22494790938.959663
-7216197044.490909
38068871782.33565
-196107826558.14355
41698038543.373344
-8003782569.348782
-22494790938.959053
6673662075.590494
-8492450669.052256
37371373618.38896
5459484060.136841
-23868086264.74617
474245223306.16046
97783881375.45447
5411838601.111202
5100536562.497826
86232946854.43555
58553369659.52082
474245219184.0106
97783931652.6667
5411794222.256326
-23868097758.99148
63117790901.12552
41698035408.321396
-8492450251.195026
5100494737.077673
86232988031.36444
61258942630.26279
-22494780137.830414
-8003782175.532701
37371374950.334885
58553315640.12652
39065835035.44263
-7216208145.850835
-22494780137.83011
5459475309.496096
-7656753900.131117
38068871357.62212
6673631645.475815
-23868074804.217262
215987670832.0746
25524589490.16442
5411877293.236545
5100494737.07812
24348365070.394962
-196107798180.85638
