4528934927.0
40879324733.0
58979965564.0
393458974.0
6884517212.0
15193789500.0
77901245297.0
45301969401.0
36688491758.0
7382563673.0
499001572.0
15199647047.0
17284792623.0
4551438935.0
15981734214.0
14996016615.0
499001572.0
7409825327.0
11824245923.0
16146290222.0
6908276347.0
393458974.0
33704023732.0
14311577873.0
58979965564.0
45301969447.0
4156332012.0
33872438531.0
33704023732.0
14311577873.0
58979965564.0
393458974.0
7364731717.0
16107959110.0
77901245297.0
45301969447.0
4156332012.0
6901186384.0
499001572.0
15199647048.0
16251719212.0
33872438531.0
15074728127.0
14996016617.0
499001572.0
6925003047.0
11824245923.0
17172661700.0
7391927542.0
393458974.0
4531412890.0
32316915651.0
58979965564.0
74800925938.0
45864722875.0
4553929227.0
4551438935.0
42421418632.0
58979965564.0
393458974.0
6908276347.0
15610915038.0
77901245297.0
45301969412.0
35459537241.0
7409825327.0
499001572.0
15199647045.0
16837330722.0
4551438919.0
16447660220.0
14996016616.0
499001572.0
7409825308.0
11824245923.0
15752674673.0
6908276335.0
393458974.0
33872438531.0
5694345256.0
58979965564.0
45301969412.0
5546368854.0
4726425094.0
33872438531.0
5694345256.0
58979965564.0
393458974.0
7391927542.0
16577565071.0
77901245297.0
45301969412.0
5546368854.0
6925003047.0
499001572.0
15199647050.0
15855533507.0
4726425094.0
15488584997.0
14996016622.0
499001573.0
6925003038.0
11824245923.0
16728102640.0
7391927542.0
393458974.0
4553929227.0
33536009235.0
58979965564.0
74800925971.0
44328392262.0
4553929227.0
4551438919.0
43891657327.0
58979965564.0
393458974.0
6908276335.0
16000988371.0
77901245297.0
45301969463.0
34170519889.0
7409825308.0
499001572.0
15199647055.0
16360366136.0
4528934876.0
16884766318.0
113541268474.0
499001572.0
7382563614.0
11824245923.0
15331761253.0
6884517183.0
393458974.0
4726425094.0
4411475363.0
58979965564.0
45301969463.0
5343820494.0
4702925147.0
4726425094.0
4411475363.0
58979965564.0
393458974.0
7391927542.0
17018123509.0
77901245297.0
45301969463.0
5343820494.0
6925003038.0
499001573.0
15199647063.0
15431871693.0
4702925147.0
15875601643.0
14996016622.0
499001573.0
6901186358.0
11824245923.0
16254232281.0
7364731717.0
393458974.0
4553929227.0
34698298123.0
58979965564.0
74800925971.0
42716976358.0
4531412890.0
7076460717.0
8207837624.0
45301969401.0
499001572.0
10038987901.0
21752244967.0
15199647047.0
56044165490.0
55441883686.0
10796838266.0
617326951.0
18803852121.0
24814342447.0
7111623235.0
22912005065.0
18551935990.0
617326952.0
10834146803.0
14996016615.0
23144166929.0
10071313288.0
499001572.0
7799409390.0
8244168148.0
45301969447.0
56044165518.0
8671915203.0
7838382070.0
7799409390.0
8244168148.0
45301969447.0
499001572.0
10770759345.0
23092965649.0
15199647048.0
56044165518.0
8671915203.0
10063294947.0
617326952.0
18803852135.0
23295289462.0
7838382070.0
21581790491.0
18551935994.0
617326952.0
10095698572.0
14996016617.0
24653365242.0
10807977818.0
499001572.0
7080332558.0
21410625941.0
74800925938.0
92538040364.0
69308562654.0
7115514335.0
7111623235.0
63919135122.0
45301969412.0
499001572.0
10071313288.0
22359868289.0
15199647045.0
56044165420.0
53429211932.0
10834146803.0
617326952.0
18803852132.0
24151591274.0
7111623215.0
23592644959.0
18551935990.0
617326952.0
10834146769.0
14996016616.0
22562913909.0
10071313294.0
499001572.0
7838382070.0
8578581909.0
45301969412.0
56044165490.0
8355654170.0
7385039118.0
7838382070.0
8578581909.0
45301969412.0
499001572.0
10807977818.0
23778981381.0
15199647050.0
56044165490.0
8355654170.0
10095698572.0
617326952.0
18803852132.0
22710241022.0
7385039118.0
22184652311.0
18551935987.0
617326952.0
10095698547.0
14996016622.0
23994913627.0
10807977841.0
499001573.0
7115514335.0
50530905995.0
74800925971.0
92538040260.0
66792497776.0
7115514335.0
7111623215.0
66326960634.0
45301969463.0
499001572.0
10071313294.0
22935890589.0
15199647055.0
56044165490.0
24923349620.0
10834146769.0
617326952.0
18803852138.0
23454825835.0
7076460662.0
24240057779.0
140464658030.0
617326952.0
10796838163.0
113541268474.0
21949772904.0
10038987925.0
499001572.0
7385039118.0
8903280733.0
45301969463.0
56044165490.0
8029930646.0
7348320457.0
7385039118.0
8903280733.0
45301969463.0
499001573.0
10807977841.0
24431507629.0
15199647063.0
56044165490.0
8029930646.0
10095698547.0
617326952.0
18803852139.0
22093096378.0
7348320457.0
22756160745.0
18551935998.0
617326952.0
10063294881.0
14996016622.0
23302668382.0
10770759402.0
499001573.0
7115514335.0
52434398784.0
74800925971.0
92538040376.0
7994544204.0
7080332558.0
11056969835.0
12179587376.0
56044165490.0
617326951.0
18481218374.0
30855046701.0
18803852121.0
67649571411.0
82754372015.0
25594262146.0
745160595.0
22697680032.0
34771239014.0
11111911246.0
32081386069.0
22393598129.0
745160595.0
15518811917.0
18551935990.0
32403593927.0
14390531485.0
617326952.0
82285213125.0
12230774786.0
56044165518.0
67649571383.0
12941218624.0
12247471979.0
82285213125.0
12230774786.0
56044165518.0
617326952.0
19877662959.0
32334766965.0
18803852135.0
67649571383.0
12941218624.0
23796215178.0
745160595.0
22697680044.0
32615177070.0
12247471979.0
30695752285.0
22393598117.0
745160595.0
14425374793.0
18551935994.0
34545668598.0
15481327462.0
617326952.0
11063019589.0
31771168330.0
92538040364.0
111700454673.0
103452231030.0
11117991114.0
11111911246.0
12705899209.0
56044165420.0
617326952.0
14390531485.0
31722566147.0
18803852132.0
67649571355.0
38581851274.0
15518811917.0
745160595.0
22697680052.0
33824190439.0
11111911269.0
33041388732.0
22393598129.0
745160596.0
15518811902.0
18551935990.0
31705167191.0
14390531507.0
617326952.0
12247471979.0
12761616159.0
56044165490.0
67649571448.0
12429985847.0
11539123606.0
12247471979.0
12761616159.0
56044165490.0
617326952.0
15481327462.0
33302351909.0
18803852132.0
67649571448.0
12429985847.0
14425374793.0
745160595.0
22697680075.0
31774616845.0
11539123606.0
31558792867.0
22393598116.0
745160595.0
14425374734.0
18551935987.0
33604764040.0
15481327511.0
617326952.0
11117991114.0
33144083590.0
92538040260.0
111700454812.0
12375716715.0
11117991114.0
11111911269.0
99001793846.0
56044165490.0
617326952.0
14390531507.0
32111991110.0
18803852138.0
67649571355.0
36983689404.0
15518811902.0
745160596.0
22697680064.0
32841443733.0
11056969750.0
33966519197.0
169551528430.0
745160596.0
19981260109.0
140464658030.0
30838123631.0
23790664140.0
617326952.0
11539123606.0
13286488507.0
56044165490.0
67649571448.0
11912939152.0
11481750679.0
11539123606.0
13286488507.0
56044165490.0
617326952.0
15481327511.0
34234789370.0
18803852139.0
67649571448.0
11912939152.0
14425374734.0
745160595.0
22697680075.0
30905673896.0
11481750679.0
31860355725.0
22393598120.0
745160596.0
18577537534.0
18551935998.0
32628392793.0
25588291638.0
617326952.0
11117991114.0
78265301269.0
92538040376.0
111700454658.0
11863081925.0
11063019589.0
17276515331.0
17773026893.0
67649571411.0
745160595.0
25769605480.0
42010920557.0
22697680032.0
79741708990.0
58953017433.0
35744767396.0
878355592.0
26754815407.0
47316901499.0
17362361370.0
44395400524.0
26396379878.0
878355592.0
35845941942.0
22393598129.0
44294975719.0
25837299841.0
745160595.0
19041526649.0
17842766523.0
67649571383.0
79741708978.0
18991162748.0
19136674814.0
19041526649.0
17842766523.0
67649571383.0
745160595.0
27761004896.0
44625788787.0
22697680044.0
79741708978.0
18991162748.0
33180663144.0
878355592.0
26754815440.0
44392003428.0
19136674814.0
41794032291.0
26396379877.0
878355593.0
33267825372.0
22393598117.0
47213480419.0
27839581915.0
745160595.0
17285968202.0
46361983868.0
111700454673.0
131666542291.0
18910078598.0
17371861212.0
17362361370.0
18591301340.0
67649571355.0
745160595.0
25837299841.0
43181684082.0
22697680052.0
79741708894.0
56453055107.0
35845941942.0
878355592.0
26754815432.0
46024520050.0
17362361219.0
45711905541.0
26396379875.0
878355593.0
27984674526.0
22393598129.0
43158000118.0
33260064797.0
745160596.0
19136674814.0
18667624255.0
67649571448.0
79741709013.0
18182517257.0
18029880528.0
19136674814.0
18667624255.0
67649571448.0
745160595.0
27839581915.0
45949126152.0
22697680075.0
79741709013.0
18182517257.0
33267825372.0
878355593.0
26754815475.0
43252537146.0
18029880528.0
42958751226.0
26396379870.0
878355593.0
25971957064.0
22393598116.0
45923924116.0
35837580095.0
745160595.0
17371861212.0
48496500848.0
111700454812.0
131666542369.0
18108177724.0
17371861212.0
17362361219.0
19414596815.0
67649571355.0
745160596.0
33260064797.0
44319283811.0
22697680064.0
79741709013.0
53968339663.0
27984674526.0
878355593.0
26754815462.0
44699011366.0
17276515330.0
46995508518.0
26396379899.0
878355593.0
27905688137.0
169551528430.0
41987879058.0
33172923069.0
745160596.0
18029880528.0
19497844421.0
67649571448.0
943610226055.0
17379094721.0
17940235534.0
18029880528.0
19497844421.0
67649571448.0
745160595.0
35837580095.0
47239390530.0
22697680075.0
943610226055.0
17379094721.0
25971957064.0
878355593.0
173906300374.0
42079852621.0
17940235534.0
44090477734.0
26396379888.0
878355593.0
25903910029.0
22393598120.0
44601312959.0
35736429167.0
745160596.0
17371861212.0
50644115431.0
111700454658.0
131666542369.0
17311167379.0
17285968201.0
26994555851.0
25382041487.0
79741708990.0
878355592.0
34891511194.0
55452104266.0
26754815407.0
91912912481.0
84645491871.0
48409156179.0
1012421501.0
30838478892.0
62284055209.0
27128690290.0
58518829626.0
30425334319.0
1012421501.0
48527874387.0
26396379878.0
58395878124.0
34970908261.0
878355592.0
29752386360.0
25473042094.0
79741708978.0
91912912629.0
27258276419.0
29901055375.0
29752386360.0
25473042094.0
79741708978.0
878355592.0
37596742372.0
58822510589.0
26754815440.0
91912912629.0
27258276419.0
44925929621.0
1012421500.0
30838478907.0
58523793760.0
29901055375.0
55165823782.0
30425334297.0
1012421501.0
45028159990.0
26396379877.0
62147919887.0
37688944731.0
878355593.0
27009325677.0
66210544772.0
131666542291.0
151763180606.0
27151330981.0
27143533504.0
27128690290.0
26614738347.0
79741708894.0
878355592.0
34970908261.0
56953963181.0
26754815432.0
91912912481.0
80816467816.0
48527874387.0
1012421501.0
30838478930.0
60614566358.0
27128690292.0
60202851144.0
30425334304.0
1012421502.0
37885369891.0
26396379875.0
56922725756.0
45017656177.0
878355593.0
29901055375.0
26714810048.0
79741709013.0
91912912629.0
26020584555.0
28171689245.0
29901055375.0
26714810048.0
79741709013.0
878355593.0
37688944731.0
60515271800.0
26754815475.0
91912912629.0
26020584555.0
45028159990.0
1012421501.0
30838478930.0
57047414035.0
28171689245.0
56659928635.0
30425334297.0
1012421501.0
35153167494.0
26396379870.0
60482080586.0
48516553883.0
878355593.0
27143533504.0
69426106902.0
131666542369.0
151763180606.0
25923113225.0
27143533504.0
27128690292.0
27875724791.0
79741709013.0
878355593.0
45017656177.0
58427924436.0
26754815462.0
91912912481.0
77073345433.0
37885369891.0
1012421502.0
30838478930.0
58919027419.0
26994555564.0
61860999732.0
230363245076.0
1012421502.0
37792686818.0
26396379899.0
55421690826.0
44915449465.0
878355593.0
28171689245.0
27985523321.0
943610226055.0
91912912481.0
24811085682.0
28031618394.0
28171689245.0
27985523321.0
943610226055.0
878355593.0
48516553883.0
62182025819.0
173906300374.0
91912912481.0
24811085682.0
35153167494.0
1012421501.0
30838478930.0
55543090874.0
28031618394.0
58126279834.0
30425334304.0
1012421502.0
35073356656.0
26396379888.0
58790248129.0
48397863139.0
878355593.0
27143533504.0
72715464029.0
131666542369.0
151763180606.0
24722449893.0
27009325678.0
42178993754.0
35286862390.0
91912912481.0
1012421501.0
45689849785.0
70763655845.0
30838478892.0
103774818587.0
118153991926.0
63296024141.0
1143080495.0
34818367351.0
79056701608.0
42388578815.0
74476490444.0
34351904029.0
1143080495.0
63425867914.0
30425334319.0
74343400459.0
45776951067.0
1012421501.0
46488103945.0
35399381388.0
91912912629.0
103774818764.0
38032998662.0
46720399279.0
46488103945.0
35399381388.0
91912912629.0
1012421500.0
49158558247.0
74862983290.0
30838478907.0
103774818764.0
38032998662.0
58829753055.0
1143080495.0
34818367379.0
74506249295.0
46720399279.0
70398327268.0
34351904047.0
1143080497.0
58941903142.0
30425334297.0
78883906439.0
49259401387.0
1012421501.0
42202072616.0
92047852756.0
151763180606.0
171349118552.0
37899693420.0
42411772360.0
42388578815.0
37065274023.0
91912912481.0
1012421501.0
45776951067.0
72583696382.0
30838478930.0
103774818587.0
112549839583.0
63425867914.0
1143080495.0
34818367379.0
77029223800.0
42388578813.0
76506014522.0
34351904011.0
67441748311.0
49516128547.0
30425334304.0
72543886247.0
58928153643.0
1012421502.0
46720399279.0
37189440672.0
91912912629.0
171349118260.0
36223015551.0
44018265286.0
46720399279.0
37189440672.0
91912912629.0
1012421501.0
49259401387.0
76903040247.0
30838478930.0
171349118260.0
36223015551.0
58941903142.0
1143080497.0
34818367424.0
72702792690.0
44018265286.0
72208970944.0
34351904029.0
1143080497.0
46015529045.0
30425334297.0
76860860763.0
63411072381.0
1012421501.0
42411772360.0
96686944114.0
151763180606.0
171349118844.0
36102076171.0
42411772360.0
42388578813.0
38910851705.0
91912912481.0
1012421502.0
58928153643.0
74384198733.0
30838478930.0
103774818587.0
107149638033.0
49516128547.0
67441748311.0
34818367397.0
74985819521.0
42178994313.0
78519720743.0
260092987440.0
1143080498.0
49414760181.0
230363245076.0
70724845146.0
58816029753.0
1012421502.0
44018265286.0
39047713870.0
91912912481.0
103774818764.0
34479474221.0
43799405043.0
44018265286.0
39047713870.0
91912912481.0
1012421501.0
63411072381.0
78927196826.0
30838478930.0
103774818764.0
34479474221.0
46015529045.0
1143080497.0
34818367443.0
70879766407.0
43799405043.0
74000177319.0
34351904038.0
1143080498.0
45927973843.0
30425334304.0
74821923406.0
63281258934.0
1012421502.0
42411772360.0
101501241154.0
151763180606.0
171349118552.0
34369879222.0
42202072616.0
65904676167.0
1001610695599.0
103774818587.0
1143080495.0
40249301066.0
144063448295.0
34818367351.0
114999590078.0
566905462908.0
66157034306.0
1266721448.0
38584485413.0
158508659664.0
66232152816.0
155540038561.0
38067567234.0
1266721448.0
66266332350.0
34351904029.0
154228723657.0
40311308159.0
1143080495.0
72637660682.0
155132385518.0
103774818764.0
1360828486932.0
51272992404.0
73000623374.0
72637660682.0
155132385518.0
103774818764.0
1143080495.0
43158642856.0
151811704038.0
34818367379.0
1360828486932.0
51272992404.0
61697361412.0
1266721448.0
38584485466.0
150034130858.0
73000623374.0
147601495148.0
38067567255.0
1266721450.0
61792410260.0
34351904047.0
162940178505.0
43229945780.0
1143080497.0
65940736013.0
526793854829.0
171349118552.0
189883043874.0
1090418281783.0
66268391844.0
66232152816.0
1052811032553.0
103774818587.0
1143080495.0
40311308159.0
147495088234.0
34818367379.0
114999590078.0
539376979189.0
66266332350.0
1266721448.0
38584485466.0
154724172785.0
66232153931.0
159449331579.0
38067567245.0
1266721451.0
43401723800.0
34351904011.0
150738841347.0
61701357910.0
67441748311.0
73000623374.0
50077366102.0
171349118260.0
114999590284.0
48776028342.0
68778536932.0
73000623374.0
50077366102.0
171349118260.0
1143080497.0
43229945780.0
155627290986.0
34818367424.0
114999590284.0
48776028342.0
61792410260.0
1266721450.0
38584485498.0
146639162620.0
68778536932.0
151117411247.0
38067567234.0
1266721450.0
40471488682.0
34351904029.0
159049887742.0
66168687218.0
1143080497.0
66268391844.0
553722499528.0
171349118844.0
189883043533.0
1037468427963.0
66268391844.0
66232153931.0
1106543935868.0
103774818587.0
67441748311.0
61701357910.0
150909873515.0
34818367397.0
114999590284.0
513145985713.0
43401723800.0
1266721451.0
38584485519.0
150930728837.0
65904676167.0
163349391204.0
288225865984.0
1266721451.0
43330137585.0
260092987440.0
147231732631.0
61606449212.0
1143080498.0
68778536932.0
52640948317.0
103774818764.0
114999590284.0
161113222831.0
68436567827.0
68778536932.0
52640948317.0
103774818764.0
1143080497.0
66168687218.0
159433866531.0
34818367443.0
114999590284.0
161113222831.0
40471488682.0
1266721450.0
38584485519.0
143227436847.0
68436567827.0
154616058767.0
38067567266.0
1266721451.0
40409235444.0
34351904038.0
155150388876.0
66059550277.0
1143080498.0
66268391844.0
581983143048.0
171349118552.0
189883043874.0
987014240701.0
65940736013.0
102976053445.0
200819718650.0
114999590078.0
1266721448.0
49011799315.0
171589841365.0
38584485413.0
125344711064.0
735143133478.0
80149331943.0
1380673043.0
42055464495.0
186976342370.0
103487735693.0
184355283543.0
41492045452.0
1380673043.0
80251962517.0
38067567234.0
182904916337.0
49070623679.0
1266721448.0
113496343837.0
201277657987.0
1360828486932.0
125344711298.0
230761327988.0
114063468682.0
113496343837.0
201277657987.0
1360828486932.0
1266721448.0
52286751523.0
179936241022.0
38584485466.0
125344711298.0
230761327988.0
75129222462.0
1380673043.0
42055464556.0
177930410687.0
114063468682.0
175803907395.0
41492045476.0
1380673045.0
75219392465.0
38067567255.0
192203749889.0
52353704912.0
1266721450.0
103032399121.0
481976105770.0
189883043874.0
206964522724.0
1414016221394.0
103544361358.0
103487735693.0
210939302300.0
114999590078.0
1266721448.0
49070623679.0
175281190150.0
38584485466.0
125344711298.0
425457222482.0
80251962517.0
1380673043.0
42055464556.0
182931915129.0
103487735709.0
188518516154.0
41492045452.0
1380673045.0
52561736938.0
38067567245.0
179136022321.0
75108554895.0
1266721451.0
114063468682.0
211444610873.0
114999590284.0
125344711298.0
219596462495.0
107466460761.0
114063468682.0
211444610873.0
114999590284.0
1266721450.0
52353704912.0
183999680826.0
38584485498.0
125344711298.0
219596462495.0
75219392465.0
1380673045.0
42055464616.0
174264019481.0
107466460761.0
179585910224.0
41492045452.0
1380673045.0
49265610105.0
38067567234.0
188046251504.0
80133710128.0
1266721450.0
103544361358.0
506263544574.0
189883043533.0
206964522724.0
219071672700.0
103544361358.0
103487735709.0
1434927390268.0
114999590284.0
1266721451.0
75108554895.0
178968982253.0
38584485519.0
125344711298.0
405046381922.0
52561736938.0
1380673045.0
42055464580.0
178892055970.0
102976055612.0
192686456780.0
41492045523.0
1380673047.0
52494517603.0
288225865984.0
175363493989.0
75018518207.0
1266721451.0
107466460761.0
222195016794.0
114999590284.0
1483245755214.0
209037539763.0
106932136308.0
107466460761.0
222195016794.0
114999590284.0
1266721450.0
80133710128.0
188067715473.0
38584485519.0
1483245755214.0
209037539763.0
49265610105.0
1380673045.0
273360519702.0
170594092101.0
106932136308.0
183364269830.0
41492045488.0
1380673047.0
49206552295.0
38067567266.0
183893448398.0
80031230414.0
1266721451.0
103544361358.0
754695348196.0
189883043874.0
206964522724.0
208561949253.0
103032399121.0
160900084368.0
250738913268.0
125344711064.0
1380673043.0
57622365979.0
382478427698.0
42055464495.0
134660113428.0
555860523802.0
93630232371.0
1483282278.0
45180954002.0
213455621360.0
161699592157.0
382393703612.0
44575662567.0
1483282280.0
93719841550.0
41492045452.0
210048422142.0
57674388615.0
1380673043.0
177338034438.0
251195600563.0
125344711298.0
222345768505.0
286790558343.0
178224175513.0
177338034438.0
251195600563.0
125344711298.0
1380673043.0
61081241459.0
398897840175.0
42055464556.0
222345768505.0
286790558343.0
88328190241.0
1483282280.0
45180954069.0
204335687878.0
178224175513.0
366653635216.0
44575662594.0
1483282280.0
88407933766.0
41492045476.0
219423325755.0
61139699879.0
1380673045.0
160988121162.0
601784346271.0
206964522724.0
222345768505.0
286217476268.0
161788062105.0
161699592157.0
262801297530.0
125344711298.0
1380673043.0
57674388615.0
201765718045.0
42055464556.0
134660113689.0
530061060309.0
93719841550.0
1483282280.0
45180954029.0
404250305688.0
161699592167.0
389967436591.0
44575662581.0
1483282280.0
61382644156.0
41492045452.0
206203005063.0
88277662899.0
1380673045.0
178224175513.0
263303023003.0
125344711298.0
134660113689.0
273454178092.0
2429757719604.0
178224175513.0
263303023003.0
125344711298.0
1380673045.0
61139699879.0
406798457675.0
42055464616.0
134660113689.0
273454178092.0
88407933766.0
1483282280.0
45180954042.0
200594854675.0
2429757719604.0
206720869450.0
44575662607.0
1483282282.0
57903562606.0
41492045452.0
388496870895.0
93581743523.0
1380673045.0
161788062105.0
630734588511.0
206964522724.0
222345768073.0
272933105327.0
161788062105.0
161699592167.0
275592524170.0
125344711298.0
1380673045.0
88277662899.0
205528386439.0
42055464580.0
134660113689.0
505731656124.0
61382644156.0
1483282280.0
45180954069.0
396399177395.0
160900084431.0
219974392837.0
337501444624.0
1483282282.0
61323953201.0
41492045523.0
365270986037.0
88198037057.0
1380673047.0
2429757719604.0
276144332703.0
1483245755214.0
134660113689.0
260879974512.0
167081460369.0
2429757719604.0
276144332703.0
1483245755214.0
1380673045.0
93581743523.0
214701553024.0
273360519702.0
134660113689.0
260879974512.0
57903562606.0
1483282282.0
45180954110.0
380082613940.0
167081460369.0
210575943983.0
44575662607.0
1483282282.0
57851333597.0
41492045488.0
380951698951.0
93492266480.0
1380673047.0
161788062105.0
661434097202.0
206964522724.0
222345768505.0
260405681497.0
160988121162.0
251406378394.0
301155169958.0
134660113428.0
1483282278.0
121205941291.0
429180583187.0
45180954002.0
235919862258.0
663018486875.0
228164442594.0
1573835896.0
311604981190.0
457385859099.0
252655611067.0
426681006940.0
47296983693.0
1573835896.0
228322440263.0
44575662567.0
423327666645.0
121285680403.0
1483282280.0
277090693539.0
301576630117.0
222345768505.0
235919862258.0
664031420343.0
278475281616.0
277090693539.0
301576630117.0
222345768505.0
1483282280.0
127575652436.0
445096591368.0
45180954069.0
235919862258.0
664031420343.0
216772448518.0
1573835896.0
311604981190.0
440493480143.0
278475281616.0
411423519485.0
47296983693.0
1573835896.0
216915057830.0
44575662594.0
439561761956.0
127663995105.0
1483282280.0
251543969242.0
722785583073.0
222345768505.0
235919862258.0
341394069432.0
252793877185.0
252655611067.0
314538737150.0
134660113689.0
1483282280.0
121285680403.0
436215924277.0
45180954029.0
235919862258.0
634413668376.0
228322440263.0
1573835896.0
311604981190.0
449832535083.0
252655619520.0
433939167344.0
47296983693.0
1573835896.0
128162593383.0
44575662581.0
416590865974.0
216522661409.0
1483282280.0
278475281616.0
314998514619.0
134660113689.0
235919862258.0
327142690886.0
262369313053.0
278475281616.0
314998514619.0
134660113689.0
1483282280.0
127663995105.0
452668014510.0
45180954042.0
235919862258.0
327142690886.0
216915057830.0
1573835896.0
311604981190.0
433483502353.0
262369313053.0
418167775947.0
47296983693.0
1573835896.0
121759369016.0
44575662607.0
432302787907.0
227909411082.0
1483282282.0
252793877185.0
754906722248.0
222345768073.0
235919862258.0
326665192759.0
252793877185.0
252655619520.0
328720851493.0
134660113689.0
1483282280.0
216522661409.0
443270090519.0
45180954069.0
235919862258.0
607419495639.0
128162593383.0
1573835896.0
311604981190.0
442308539947.0
251406411834.0
441225621465.0
47296983693.0
1573835896.0
128073906279.0
337501444624.0
409872044816.0
216380312209.0
1483282282.0
262369313053.0
329223058213.0
134660113689.0
235919862258.0
313203352843.0
261064812982.0
262369313053.0
329223058213.0
134660113689.0
1483282282.0
227909411082.0
460268953298.0
45180954110.0
235919862258.0
313203352843.0
121759369016.0
1573835896.0
311604981190.0
426492232150.0
261064812982.0
424930079024.0
47296983693.0
1573835896.0
121679319156.0
44575662607.0
425071999069.0
227751700277.0
1483282282.0
252793877185.0
788944410554.0
222345768505.0
235919862258.0
312765650192.0
251543969242.0
