71631.26510215395
16666.23597023092
35272.52006733799
111111.11141130247
116329.99601330355
41661.17748483821
91580.55948892437
35272.52006733795
80601.22363477242
67659.88614388712
111111.11141130245
57288.432171994944
66233.54008381715
71631.2651021539
50009.21739145466
66882.7146553891
70655.59291599563
67659.88614388707
66882.71465538915
65404.821352994404
72895.67291208578
111111.11141130245
71631.2651021539
37230.93073227702
35272.52006733796
74148.89011876863
80601.22363477247
80494.03819530581
95615.82080837231
61724.24877892347
56227.59928144938
77448.9950132482
82208.55403342581
82157.40462874768
86275.79525098685
94779.63123854886
83174.14239876573
71692.31301917028
77448.99501324826
86275.79525098688
85052.09123001379
86866.98271743741
-7669.486808314581
52119.5810222549
91522.1238790417
70235.6265580932
33810.55632459293
77544.68963305371
82208.55403342581
77448.99501324822
95615.82080837239
54295.30272564283
56227.59928144944
56227.59928144944
83174.14239876575
95615.82080837239
33596.72469920454
53001.03771968291
92336.48969168178
82835.70597620553
33438.25488386518
42784.13875368892
54703.293909268665
92336.48969168178
101888.56164732389
59210.6885562665
51966.45698959293
54703.2939092687
45809.70134997573
33596.724699204526
33980.22959499005
64532.2755604607
82835.70597620551
59210.68855626651
123264.59087247208
82597.00128080379
82261.30309846932
82835.70597620551
78913.15553284803
53001.03771968286
92336.48969168181
12854.77436687333
35892.32735696266
33596.724699204526
79396.2685688434
61045.6280581881
107785.75346593393
41402.43904745609
78966.59420876425
57783.49037528892
111103.35130900692
57703.02746793157
66626.63546813536
35508.703147336906
74052.34770951417
58226.19962889326
62255.67268126305
58882.48519071734
40435.862734660666
60948.28691759624
41402.439047456064
17058.37341690487
60948.28691759623
56025.157838214596
78966.59420876423
41402.43904745606
58882.485190717336
61045.628058188115
107785.75346593391
107785.75346593391
121052.77289153985
58882.485190717314
92171.97512681334
67293.83448363782
23667.556894154695
103721.47709507128
62574.177601927
57227.87844624329
37881.768647507044
23667.55689415466
55491.49858589973
118417.1859242678
103721.47709507131
88548.36344732884
56988.05144566856
92171.97512681334
56697.47146530469
61847.82349085124
103721.47709507133
85465.45616891576
61847.82349085123
50214.7586867715
62574.17760192696
41653.15831720777
92171.97512681333
67293.83448363787
69168.9325317951
23667.556894154695
38268.20743366872
72423.82129296807
113002.46203943131
72506.77480122546
80875.34630910822
66291.06227460016
96153.37486049495
76469.22826191614
84033.77377532586
46229.0786929405
67275.29218128666
72960.15687576798
66291.06227460016
84033.77377532581
75740.85362173077
78280.72084032276
60029.00063699267
17308.28944966727
66291.06227460019
72960.15687576796
38550.53072401796
18194.158836862738
74465.90778218077
80942.29235608134
113002.4620394312
72506.7748012255
46229.07869294051
46229.0786929405
81134.5972858807
113002.4620394312
62058.09324660984
103700.94318952697
82117.02745153739
32702.76274928876
56001.367891200476
36429.955078806226
53658.42896863208
82117.02745153735
51691.60900185218
35438.51226747998
75373.51251662722
53658.42896863203
39133.64624938612
62058.093246609846
94854.65959665268
119112.54541422919
75373.51251662726
86751.90963399806
24736.3014558609
30618.647412073093
56001.36789120047
75373.51251662726
61832.45671570484
34127.663953320705
6101.548505893141
82117.02745153736
51691.60900185215
62058.09324660986
77859.5900085656
70510.63458460628
24632.01756384731
73813.40828727797
34500.342604033816
74080.6359295012
39144.244380263815
100373.89147209497
56488.73082561985
67328.4246895322
27533.23771802335
105939.62238815647
51325.52461485143
80396.95724805926
43762.88863134236
56086.32313591627
27533.237718023323
67328.42468953218
56086.32313591625
41233.43724807368
58083.01891355359
27533.237718023323
80396.95724805928
126329.32391942514
100373.89147209498
100373.891472095
56488.73082561992
80396.95724805932
