32952.23495722941
45294.125145799655
43758.90831062688
27571.221475276776
28665.216168425017
35994.85373396703
42326.6607787729
43758.90831062687
28263.890785813015
31519.441243233687
27571.221475276772
27971.076145829324
25348.41179926842
32952.23495722939
25185.459195479543
28700.84353141734
35992.60927700098
31519.441243233687
28700.843531417337
23770.139002872154
25492.094988767716
27571.22147527677
32952.23495722939
31066.669523722863
43758.90831062686
25806.856071247745
28263.890785813004
35756.071395520084
44457.84508954545
29976.427581177297
36036.666088745544
35796.018354723856
29512.126170033574
-4250.2761210924555
18866.820676687996
19491.596424204196
36358.40777945329
37688.84450615462
35796.018354723834
20433.25491862804
29025.565514404567
35496.51154903475
49693.43579804062
35656.539306146595
51238.7457386761
34826.68727194859
55534.41919607455
34831.543765392
41433.389909774225
35796.018354723834
44457.84508954545
37739.22024962938
36036.66608874554
46409.16700560858
36358.40777945328
39268.48676836656
29544.75345602075
33909.36401732796
29656.33214448276
35923.230206683766
16877.959543761855
28622.38191186886
55828.760831298234
62637.77886143173
39000.276425069584
59663.6339793774
35923.23020668375
37562.84484853977
37405.12800323204
38180.64152772944
18137.862466641727
20777.686174287184
49031.070631976334
50928.38800796549
32922.55975500519
20316.96990534138
16242.14657973433
35923.23020668375
29544.75345602077
41397.21966663496
29656.332144482745
13090.90873846695
39000.27642506959
41350.24369310451
14810.398608083631
15588.369292673524
44510.00287462468
40735.595531613304
29752.44105427309
21307.99581707184
27525.19592214093
-2015.506658619788
25712.52848806135
45020.489452706526
40735.59553161333
27525.19592214093
19419.93939657594
40871.07257607163
42674.531151141055
25294.157932521757
25989.5340161355
13432.03987078868
69419.77008571911
11158.075544843678
29752.44105427307
40735.59553161332
14810.398608083608
55795.51603747136
44510.00287462468
44510.00287462468
25712.528488061347
14810.3986080836
51412.72270822483
46398.977476146654
36363.6168345703
23252.258275579406
19516.893821821115
11397.605510189467
31390.04795423751
36363.61683457035
30530.570436389058
41772.58131053673
24738.075258254976
35957.052638015004
40500.883950614865
51412.722708224836
40487.53698707632
36029.27535561326
46351.631610232434
41772.58131053674
27055.805223363684
25821.194140391028
30532.67613034023
23252.258275579417
39194.232597192866
40424.11849199499
36363.61683457034
48762.76615466352
37440.831755663734
43690.22839140175
6623.066654284203
36645.70223067806
56076.843750937245
55430.689613675124
124.28037857959428
6847.866392492819
26172.513810948585
61865.18846401491
54764.22343216201
87603.65410527987
36682.93054872909
25221.411963633276
21750.741409709444
16475.297372425015
61920.830959714374
42281.87224771537
22755.49528233854
31547.379850715686
76392.32977588681
18538.47727892024
10217.26072803637
55430.6896136751
8179.315036628883
24423.339906843634
56076.84375093724
2732.2403970033565
25113.02718114384
35630.36710460281
-1862.4777452717874
49090.999524941595
66020.18097860138
37946.180979875186
39499.602980108204
20624.14726399455
61782.82916626852
14876.528992122208
41706.45375484898
35817.409754150256
40447.40807493858
49889.91636683219
43486.855906354336
15062.369066094276
42263.9652076318
70393.43941729501
29026.57310352737
-4037.7649527715075
14053.600204262899
-13621.017935597105
42105.500180572606
37946.18097987514
29482.663744838137
121377.85108959686
66020.18097860143
27290.464379377616
32802.656078068176
6318.587626588731
5083.358191272766
-1216.5550899209484
-322.0891102638172
69057.82482203704
28074.950344928533
26176.98626337427
14958.218975454809
40017.77533906025
33512.50521245852
69712.64872740403
19250.029636355393
54181.820026612644
-16825.396858795557
6144.958810953551
103660.86942085288
3124.0978765718764
-837.182794373792
93398.83056601138
31245.59641152795
16682.94370652083
28074.950344928533
69057.82482203707
53555.51476941585
56517.53242503505
-322.08911026374807
-322.0891102637658
-20790.195376453034
53555.51476941586
49058.11512937896
83544.11114316061
43161.66655684021
23418.169992486375
52374.755803612105
49041.807630654366
62254.78901224157
43161.66655684022
43325.63676269814
40851.62432507627
32317.13691098948
36607.659203108946
15739.8976188065
49058.11512937891
19137.640666865467
25243.842028739396
-255.96474387459645
40851.62432507614
50297.780592717565
-15964.509490984427
-24552.548894608364
23418.169992486375
31700.25220199996
-10959.338373523973
43161.66655684017
50929.87873335452
32209.150574825726
-20510.613237358968
75111.44169445
121586.37303980443
15737.688644682295
3783.1359429491667
10325.595492216398
6764.49962680138
21814.998869736035
9569.702498765886
-3150.1697059534745
119816.41153732724
-1603.5926174029921
57487.78917364966
22976.57159815842
820.5442896913427
56921.87090429754
6095.612595411051
52896.991606223644
22419.891630199007
52602.21892978927
5277.122699408603
25380.6392974315
3783.135942949192
24589.600315165437
122945.84992188399
15737.688644682234
85357.74848790052
-4106.775384276814
45883.89902615956
64320.83873475514
41200.6743786529
12793.947911513444
62394.99400737223
35669.27480718094
29998.578033881317
54255.57249127936
51305.48937036873
1689.8153479629098
33986.66137468784
70944.65169352082
65926.39872907453
-10123.900726379456
41403.92924519732
64725.34213958581
21981.503821111473
35263.26365261193
58033.161185089004
14533.307944915052
12833.086946996527
15960.257657699218
62394.99400737216
2535.2155343642626
79773.94651009339
12793.947911513449
6368.076545753052
37562.74380027985
30255.479256262905
7501.174739898798
21555.95772887388
16684.081649136235
55255.72846665082
23516.547643845264
17090.799305364257
31644.24776846438
20129.334133110777
19394.593667954614
40469.790162398276
5891.133760384615
15021.104728078852
32861.26431728805
36792.47638150629
43388.683688611585
20646.05677369311
26741.950269837816
69342.39014418135
38904.92815208307
16313.830168453213
23516.54764384524
55255.72846665081
43748.804710451106
26051.925806724106
16684.081649136246
16684.081649136235
40080.64905154051
43748.8047104511
47950.891374994724
26727.265837042563
7534.916230648836
43814.6852954299
29898.261423964253
13830.863001734504
31497.16312141398
7534.916230648855
59497.737848481775
28724.35357234455
33586.48641198575
31497.163121413992
25459.270226933713
47950.89137499474
19323.255080457988
10365.760726577797
43814.685295429925
28724.353572344524
43341.94761884503
39200.25374761201
74957.28542937711
43814.685295429925
-4301.334104509211
26727.26583704257
7534.916230648858
39125.338529845205
13961.218007309466
47950.89137499475
74790.86527217194
24504.658940409325
2431.646829070197
7188.093311884077
37514.68623080248
19995.176088185406
-16720.915741739867
57996.30240626709
31215.003029519936
20306.218009429762
32417.8504933119
6776.450745612547
41238.687903150894
88420.28699038946
22908.20745947303
42318.36211246969
7188.0933118840685
70191.29532428674
27741.451712363458
13342.081302433095
34240.777829555154
7188.093311884068
30038.310234606914
24504.658940409296
2431.646829070146
40848.1814064061
106475.23035977047
88420.28699038946
22366.004213518856
30637.534642264785
19569.520914567434
38567.845071505064
31885.841761785727
26664.724356929524
43206.85862822116
32015.86136545202
29286.98664720668
31299.740175681225
26207.906676872924
33495.26325543586
55600.11019004563
54008.173644525574
21011.768923188774
25558.350591968658
38567.845071505086
56141.13928856359
14452.566779775958
9950.781726525049
23521.170964865916
38567.845071505086
53190.55824890374
30637.53464226477
19569.520914567434
34634.26410148643
39362.125227975965
54008.17364452558
35373.535204314285
32354.01314528921
22141.040298413584
45440.01659964447
29247.461828248106
26660.675886194364
39162.30712055121
35431.099592920895
25426.231026722944
36023.332008541365
26645.375897050555
25688.461497505094
33684.35237606621
38655.598142046794
26793.19546649189
30271.411790614802
45440.01659964446
48043.98894577834
30271.411790614813
24848.13936853868
29247.461828248077
45440.01659964446
38655.5981420468
32354.01314528918
22141.04029841358
22141.04029841358
27941.207282315474
38655.598142046794
16562.739723164348
39041.1480726977
78278.74446937752
8751.105548318961
-3895.094587318006
9261.773857897333
78328.81680673551
78278.74446937755
50453.30261242818
22671.463269255546
8751.105548319003
30058.73540505231
41854.42138220878
16562.739723164363
33789.701349384064
29213.568151025847
44972.96421980564
42928.6749040595
29213.568151025847
23060.173037081404
18621.62619487108
38631.52506055998
16562.739723164334
32089.76463675769
55039.19167275197
66118.75359123282
33778.0584248548
31276.483976141782
10324.953076762524
14845.302806033345
29844.785085257634
47155.59784577907
-1422.8624629211588
2829.0462331298954
7926.9816008809785
-9979.258523665332
28728.020633809396
66942.88658007466
47155.59784577909
-10088.543497289555
9307.664689737818
34749.892249053
28931.34398149079
84104.170336004
38434.150744570055
29045.56599131241
105493.30425303605
66985.01156911474
41767.949687803266
103348.42293491261
10324.95307676249
22527.813853789976
45528.36142760422
61940.249179296414
50570.59465778133
12430.94785960534
44540.11526910669
27613.2238080089
43775.366882360424
11223.270037503426
68401.57568145907
49840.784165544974
56749.25864568852
47743.236392073435
39287.55874297465
2155.4356303536365
11223.270037503424
52479.835363224614
39988.567423856395
55999.717103363924
2341.082527130021
9104.449782375188
15033.379543949572
39724.590118387656
-16071.818078924927
30776.42321880952
30773.634515594847
75577.4556218565
44540.11526910667
-8722.473610093539
36289.22804407255
-7330.432792385625
59935.27861811153
815.4441335518313
37681.15340862586
48731.92311853777
-7462.1819636271775
-19704.869636871426
20965.537897410904
16916.162856006704
13247.991552880068
63030.88412366274
22359.73316677598
19961.951828864305
-19704.86963687143
13247.991552880065
17988.61547257971
2558.3478075414546
31755.91602979407
43452.15128059469
54331.238909677864
25982.013218514887
71102.7462233918
46570.634981504874
16181.874023178714
15767.330342048313
37681.153408625854
40988.98724637071
68399.72253563156
68399.72253563153
33988.53031073812
37681.153408625854
31281.336591109102
48047.78526211348
60212.1511469605
10693.299100464732
20109.46441646141
43103.22866845195
54407.644703184036
60212.1511469605
30954.571264287028
65204.59606431185
38559.444384815855
28033.546260134553
44477.54243063972
31281.3365911091
35252.40486761945
39852.316445608296
23922.74871285848
35305.90846394826
28190.464689660013
1097.459139235667
7159.076869361819
25539.32732486372
34390.62429934201
48807.60829820341
98409.26400145917
29942.809263737596
50572.67482434491
51183.260268925085
25789.374193049447
36333.89524116005
115205.03521510072
36903.52349914379
27402.689680929892
-15510.656321255638
32536.235022376884
119574.57098151528
25853.894223934378
23517.65126510369
-45.8704432785501
-6848.105575981259
25639.207400405652
16877.203404056334
9990.666912063782
27515.467172241915
13667.445493510624
24927.95741158095
123382.9954007535
39707.00926520906
22230.035126836894
34429.17091167665
-5851.157399384843
112151.51119901385
-2825.1564104562385
24933.28902318115
5850.126477190073
44069.117357297655
118041.8679308294
46313.79474306653
120159.12710600723
57436.20981943904
132871.49185472264
183176.22253878324
30832.40977173854
12896.880102932013
-472.7235931584726
-15798.021614275649
22162.51652322027
27700.03053967253
-18393.273523530905
6620.73115931732
5058.5555279014625
-45272.20973119008
33570.89185473213
24665.773123591636
-14357.12747455659
-35631.61937993886
3170.689733965699
8961.24540608323
4842.47963775949
114806.5345326046
-38312.27218331266
120630.49727930098
38875.90924783766
-28757.380193149773
49959.82877161093
48983.28895090445
39086.986047759194
557.3385641626113
17450.803166534028
6959.766873369636
21863.720276253403
23730.87503089526
18902.749584751276
38911.019913019125
44358.31391264198
16423.478913787338
3748.840337423306
86433.47603979649
78432.63215031652
65591.81838549786
49501.26848781148
21666.83080607233
40900.05904174891
24263.048771507238
31651.196327920552
21460.782430289182
37173.828396504614
74796.28759813542
20912.217788054862
20912.217788054862
12359.596545947099
37173.828396504614
6469.552922070138
48268.18817991215
35205.844883041544
47068.423222892445
11087.080154644218
-19619.781064558443
90039.77142319475
35205.844883041544
57963.364708412126
61600.02198089634
8102.620869990551
81098.09756181759
67278.47921376611
6469.5529220701455
55884.43677147413
49347.2400591579
59592.078046526076
34128.331614874325
13152.351318458623
26859.59257219523
40346.15916027603
9774.746105602362
6978.293502634086
58595.292510125044
4311.822211489353
81211.03904248703
14925.980076488333
62672.409521753856
17556.284826955314
29609.615668478116
16459.645357505815
35549.82980014575
-80.75977419058604
48308.353836851275
23831.0494062846
65651.3274616884
39868.92322709033
94926.60842301277
15903.287815310445
53247.783563273304
19676.581394846955
65603.07341323531
73761.90308604244
31252.74465314573
39667.74366345576
68307.620406156
61351.83818252123
-14656.09162305684
-850.247779422878
81187.76480640813
23544.187121303996
16401.087267542647
74847.96065460659
21220.552181522595
19315.055073634365
45764.90833918987
2435.6842209956553
25777.4863570027
56962.06272649057
23593.860194001165
11883.460116512611
76813.16194020305
25906.848603818296
19921.69410661328
27157.904562878193
33419.953426973174
19357.087258002615
73677.49471059295
-5761.715050103032
36545.62853897718
-29440.51342231668
22450.39631850527
22688.664824521227
36133.16562224383
77314.91846274569
-16648.28520032921
99189.4879016865
62076.66262403501
18118.828213401805
86374.20881298927
43212.443205198266
28029.61036733237
61315.19504787596
-16770.72269427506
20441.30300516846
5136.856406571445
31702.21781572791
11789.360707936177
21894.101282126954
-6281.804024727939
64640.64562880842
28223.750550970173
58387.076240120856
88938.0728691665
74303.882640935
-14876.123364493988
11939.97719611649
45062.16471940907
80467.94459106114
118308.78310367983
-15079.647314571504
16485.822396215844
80191.09945550706
29242.18732357904
26118.760989676586
74078.91011138646
22480.9649234213
35828.888356222444
21822.1980316797
21822.198031679683
24771.176192866496
22480.964923421277
7538.885946647546
-3592.464595551093
62052.56706698075
45834.112036656195
9088.837104595068
22915.953241350853
45078.58128093518
62052.5670669807
72864.06975186897
38533.662831893795
52454.11145451815
45078.581280935214
47254.69559641764
7538.885946647519
18041.66337246265
64212.12066679399
48474.43564804469
79844.50790576912
59342.022286077234
9190.595311041629
3091.529712546171
48474.43564804469
55731.72369654199
5926.106878164617
47538.85909722138
52022.61191852212
51708.754689057365
7538.885946647511
72301.3147600852
43538.78364313952
91515.33168253896
74275.80593513414
27540.663145266608
-45643.87289926874
65983.42360462616
45301.37213598026
10729.786963121014
17995.032501298207
22225.890125561153
117671.39356033244
84712.31953372958
2567.298798082288
39324.19631658288
33534.86680498172
47916.611655298824
86368.88013840113
42306.27043048385
18608.217681639275
5611.139397190987
47916.61165529882
-212.32285217227763
18834.58648543823
62045.32871845546
99434.20561782901
38030.11301932278
2567.2987980822963
42742.908841128075
32497.776868243192
32050.991989684735
5878.866401712039
16398.66183059067
52842.01300976016
88252.72529073006
24040.696833846127
28386.90344770855
5869.083570682367
-10050.710567287524
85823.69683384881
33005.69811080245
19176.66840383971
24032.87121802031
43945.074889286654
124970.11156795383
88654.52376700724
-19587.79131108111
16290.994002656485
71456.60882773457
124970.11156795383
24643.88678416662
26476.9275757574
10712.840556306965
31112.1008884791
7737.965830217156
19176.66840383973
34464.559468735766
32757.62365262922
14688.397651792271
57312.99490764892
40319.956745486
25703.06354109005
48275.99475405605
28103.881581922295
22929.79404780052
45292.15700078144
58188.4824873064
14263.276572768706
24628.595062938744
36166.84993036396
28870.766422179175
29335.824212668558
73075.68544821248
61091.56136785086
29335.82421266855
31111.66551209908
36935.176225783696
73075.68544821248
36166.849930363955
22658.12814865957
301.76247420434254
301.762474204348
8644.163674857919
36166.84993036394
54278.50122292584
12577.902116228594
55458.05559201601
17144.183330004
17558.42613614925
-6318.029927553502
22467.598488386473
55458.05559201593
89658.47472845577
71895.44614811058
17144.183330003983
44052.683024114915
55179.12899733794
54278.501222925835
23245.450320042888
40335.190850366795
14985.181362141828
18690.100029169913
40335.1908503668
30489.61515523088
46338.47059811016
53409.8031174986
54278.501222925835
18401.935726167114
-4717.336876729122
27398.289025741968
65490.04809996041
42154.37732609421
110095.23728240113
51462.81129761928
36499.29401562172
32763.24101691559
56921.55538080203
26679.410483291627
29802.77796922504
31195.94614361109
106656.0014179724
50809.27330897236
32763.241016915574
31326.21624298969
18063.92198703188
-46898.307477101764
-338.21865331909584
32327.498450411233
33729.795538609156
25540.316574570046
19240.762709420527
113230.58289709211
41589.644420041855
-6808.300346561825
110095.23728240107
-15103.383669104998
-2345.2836101175976
-15841.756255199638
40246.78737489018
60660.43031651025
31493.783371021313
29382.67568873096
1628.660307767121
68376.55069672855
37842.74649340412
264.1618548533124
9684.859806872295
18157.384193444763
30769.575827273817
58401.07844214333
68376.55069672855
45192.47004714184
24911.819649305973
-1829.3127659325428
47185.76495745812
42797.07890640868
-5857.849443060415
19255.921801883338
35126.86189230878
31584.78575709467
49743.49594762836
37342.90496063284
31493.783371021374
35747.62265221055
-1897.5038194485496
28191.597353198686
55824.93033367621
54792.97468213082
36152.7108903548
8414.888329172958
13731.767242027965
50352.444383793656
6236.366705450477
9659.407261757859
33848.644411967696
53102.97916082674
47049.47215202034
68266.2289301918
50352.44438379366
33848.64441196767
32336.19377871423
51601.71362432572
39463.7390682572
47388.68079234824
15239.92929967269
58095.90940753636
50789.11177000881
19463.0843720209
16272.69339607162
26410.51627704712
36152.71089035481
39213.73107963921
18374.622156922454
18374.622156922454
43322.49388217203
36152.71089035481
27329.40733663181
30380.57012268511
63156.97531200639
32205.594096534744
18617.66030789936
28096.82373231774
39851.40163431822
63156.975312006354
71450.32602043757
7913.953834398824
32504.210751020535
84490.13332685769
76962.60152588986
27329.407336631775
12857.805573031172
19586.591460951684
3438.1606189513477
27427.246815865234
16967.489005884843
18315.909267515413
5750.834377918924
19020.219704554445
24844.067253754394
17855.465718793792
23295.714015285845
3779.3168928368796
51929.29017677082
42156.471014543
56466.31583427995
44177.961000400246
-11124.01962678245
19782.478412205903
32091.10664451553
51539.83643590775
70554.88697192376
19062.429562893987
37089.02845386835
-2243.343969609816
15552.89929697698
25341.28324446677
41243.00254685087
355.95433877885404
21945.58660931488
-9278.359849198287
27632.515657222568
11545.631160467074
15152.370118550485
49029.33282455143
42900.723688443424
18581.47372199574
12124.83750851249
38938.8330673062
12108.031342721117
56765.670054154165
48169.8845103387
106633.04563095246
17005.779888943107
5362.959328822748
11366.312270608016
9672.830050513203
43499.46377524945
-3642.8844788305187
100082.79866415779
44208.64363407332
56127.71256914288
3066.4961174323926
115647.53619481916
43660.135886820564
42700.59330326605
16437.138300194358
30841.219234168922
39539.02811897972
54907.24142129672
20919.269552842234
31395.587046371493
24885.13474229535
14511.480867805012
101710.01878075869
-3007.3302218455515
7317.340582962084
52054.70249686594
4700.16195140599
11918.491799415275
40888.53576385454
11889.933194087665
34223.696035967834
66087.87652055631
92486.62666850773
-15062.76850254227
-3142.2130100441027
24166.492821976477
4749.007646717024
36597.30789112364
98122.71342956724
53884.55598950541
5169.08700808361
77977.88438118997
27159.232945353266
-4397.979627579932
109041.54448642138
109340.53344835386
29239.61484749884
73171.15034350884
20957.409065474618
6348.168617653295
26984.265291977947
-500.2216610523551
12025.956983063801
62662.58104894188
62662.58104894191
62079.365035679635
-500.22166105233964
99538.86752683693
49311.41587688969
16593.170788642274
27169.939632744616
15660.488513809683
37674.810139209905
32067.370992931963
16593.170788642183
60637.64579242326
29402.708127443857
4578.810278071528
-4239.616103021541
22974.424353397524
99538.86752683693
21557.20134737029
20531.78145580577
12453.477812951944
62303.78435499006
42781.90988091039
8302.58866606428
41509.01661062829
23678.040807507106
92512.7251914503
60860.65903131361
42580.90215640407
-6451.21749719811
27034.64206013461
63822.499031258965
22112.33068539925
35394.53027803397
20539.44239492145
793.5111761505784
43306.70510162944
26517.217970571426
13899.010086986735
5024.2649243201495
33707.69447616273
39631.79127834011
50374.646891947305
-15784.585505159304
1507.224305918988
73359.21693792295
56301.061873563805
45535.0639217455
-14575.182429955725
31779.098845035867
68365.35793328503
33690.736749772375
47580.71083948295
27316.513923276387
112793.12871843441
9075.706755321235
21672.255995019565
10425.679670483463
31010.37414346219
5423.462926813334
-3785.428061494062
-1894.7191183620307
97512.9468695708
35526.19121970531
8651.92731452373
677.9956776978923
38756.06013090612
47381.41313977124
123483.28949410425
41559.4047653715
63118.509154692896
68295.88414575349
46825.666272963914
17905.2472050404
-43060.63319733057
47236.215506495246
7415.992787036819
-2370.007191181261
110790.2971640323
6148.846947458436
-31820.229732402124
58140.55942906351
66744.72399008955
-20822.578929725845
50406.265361855374
91879.23774177245
-34890.14141524195
21181.10213396719
7306.853755162244
32903.980337373025
-9878.59396237621
47382.05471267941
43109.8574377122
-16895.18926533142
47356.36848010069
124082.6602378578
28418.426340268492
7053.420039434108
-10363.195817203125
8832.517797629427
34802.330499293486
-884.9463077603912
46576.986450436336
63966.68495659597
61800.27738756811
37659.40002511675
86796.05632796622
48223.01370269778
9031.079129172389
43855.55861369958
5945.533676901281
67313.56677832064
98167.83523453616
98167.8352345362
21938.589781958093
5945.533676901301
68026.57430470051
73073.68857237621
44658.51783044813
25218.226155178512
42996.543243430475
42053.87789900548
44537.48130238167
44658.51783044809
40539.691510170924
22934.91852448277
22050.166996626627
44537.481302381675
38599.18993642898
68026.57430470048
39415.38776665525
9915.877212043508
11638.355666480855
56835.25782559154
11136.940189251842
2737.3281419122213
28813.433486784954
11638.355666480853
32138.432677862475
46472.83631703523
1854.0124004305474
52639.90749997497
25041.381689462843
68026.57430470048
33573.78810044533
67653.48076039585
12372.532488884379
-404.866147750791
-2662.8580237053125
83129.087985244
54736.821384272844
4335.442749176622
30795.877793085867
34033.678623146305
-19962.87871417745
48018.412400867994
11060.285063747328
73549.08546751559
-5069.579713435859
27035.05813865757
87926.92882061654
59629.87264229968
-12972.867225861244
30536.69509515097
64640.20556902474
87926.92882061654
1018.04018943131
38909.04308615108
2807.4785751943127
-12086.242940880376
-9088.392572423785
73549.0854675156
3953.5781748580557
22477.939582277046
6316.651246231801
-3292.567507142947
22708.7462619832
70068.43750565102
58861.765719889685
5971.895158326368
448.2701094431589
57297.71676020369
31930.60388106125
25313.696215742984
38978.453082428125
92343.89163321131
5580.071320254331
42764.71184706061
98725.92715329753
42322.27491884708
17392.6905373688
32269.534108209802
85955.86437798984
98725.92715329753
53456.10864461164
39808.48777672608
7233.573462269432
-59610.30893177254
39845.886152855775
92343.89163321133
49754.13600385078
24212.246198917637
17516.105708342086
13260.422780070576
40295.641867176884
32462.94631939475
20650.313050701006
19698.79879975649
40281.29585046808
30485.9726501037
63717.6702514212
22014.369339677072
8241.343602819374
53905.24603050512
36640.11633445652
43659.08584518135
63523.57473354301
35640.110835188505
43659.08584518134
39361.52882036091
78464.28475617238
63523.57473354301
53905.24603050513
16956.10394903089
9811.577824194848
9811.577824194854
40493.87939586876
53905.24603050513
54804.836746367735
31044.95525809453
11117.940424846543
39317.056893040804
31686.530365508173
19368.435512487584
12803.19658914933
11117.940424846527
57059.29135830661
69891.19775433096
39317.056893040804
12377.044574342106
29636.481462224172
54804.836746367764
25702.91032364083
39395.963996465
39317.056893040804
36700.14937659678
39395.963996465
28811.28373674571
31686.53036550815
44659.59341177351
54804.836746367764
31044.95525809451
34992.110181880766
11117.940424846516
19647.20405338568
22586.51590475721
67093.95601960183
38528.80923764936
44722.10295721269
19050.228944752176
85644.98219280214
27688.748598338767
51825.73428876174
14707.6990247965
51895.20631990437
-3942.250203176857
19050.228944752227
56933.8579280092
16445.34284392089
35714.76159577328
9855.378602600405
8337.114442472694
19050.22894475222
16341.432853780487
-9385.44616567725
41340.70950761607
52995.79934463623
61473.27433672722
67093.95601960186
38528.8092376494
19351.844695097632
14707.699024796488
70680.51139605958
12415.592646791643
15451.657724795006
37281.75242250883
-12177.953244985201
52324.92994293222
60765.04359620204
25844.594048114333
15987.233435609121
57639.02107952079
9654.58168546696
11619.762285477871
52324.929942932235
31295.93171194495
-6639.1063651580325
42772.55850928231
26163.138232309964
82622.5145389274
52324.92994293226
51855.885882520546
47503.90281711876
51932.88473794621
20594.593184908168
50677.30230125187
15451.657724794975
37281.752422508864
29369.183356211895
57639.02107952077
44624.500177214984
18067.929289856223
31707.413145780414
40555.65630064333
38714.84306770392
55420.93376653933
51554.41384678401
34645.68858021819
33951.569008040286
22255.33823207896
19522.046035539963
34163.66544141962
55420.933766539376
33951.56900804028
26582.95003601366
39383.048422727006
34664.21415026537
44712.840389635574
55420.933766539376
34163.6654414196
32914.234950499136
17922.363826308294
36213.891268982086
36830.277828812315
31707.413145780418
40555.65630064337
22255.338232078982
22255.338232078982
8550.308562904862
31707.413145780432
45581.151106002726
49946.6886952169
36933.7811413434
32074.559804930414
22546.30592073446
12741.892665971649
18898.992596046148
36933.7811413434
22680.793190137305
48755.318245113
28096.991084813955
26573.402439101268
33210.10877580078
45581.1511060027
48833.68888803378
41012.10707452493
28096.99108481397
50841.5838742313
8116.03651367926
14540.545753820075
22546.30592073445
4406.621825730003
18359.97431276703
13605.680861383456
763.4437140228597
36933.781141343396
19463.232627388483
-504.0455820307252
47781.37843904037
21149.042854094703
296.22234905489506
23033.167659266994
4098.431783572827
60059.21600498749
17669.32770661152
34005.065254637055
96493.0321103587
18823.13335180792
369.454810416161
75523.08781563223
29327.55591564794
124366.4217411589
-35339.76297376991
4469.179499687611
369.45481041617194
33043.56176161505
48169.8975106709
9395.298526019029
34300.82197712192
3463.017640281163
70985.80916346142
44517.003880756725
89755.12229347855
34005.06525463706
68860.3504282152
80436.85436990706
29082.637554260065
19009.617535298617
50945.27016093658
28411.65003031118
55882.928779709175
4013.313463299543
27548.224668726867
36991.71486397804
54246.260875526845
17135.70567135979
41674.97526441318
30933.911804727846
22263.09449754011
22301.379401070775
21699.523738081974
56054.81767205584
41674.97526441318
23318.780156888348
22475.299608474656
65312.27426162578
53707.80393791806
61796.19076568412
52790.04717917176
16734.316278798076
-644.1885591340515
36991.71486397808
35360.74987596115
7597.631721596811
42145.85280144339
16673.51780650494
13552.153188379194
41644.15882110393
39629.19248462776
32879.98607339478
39650.966239168854
39556.84021909057
20116.780941084187
25453.835585120927
55382.98161621206
46278.75252827266
16367.912885248468
9150.247011609805
19210.057468816427
35440.392927976965
55382.98161621209
25453.835585120934
15391.666872097954
33324.29427767491
42726.5250364653
6871.067583524257
11093.749248286505
38821.406211920636
39556.84021909059
39556.8402190906
33363.07801243807
11093.74924828651
48146.89824574981
33142.62275464673
40606.608170775435
7536.942931277776
33229.93671972667
17422.7760343586
10605.201157670366
40606.608170775384
64458.958862619285
36390.38112638058
11907.89256313611
53576.08458655216
28865.565432471394
48146.8982457498
25471.921314877927
35719.49237109331
11907.892563136114
28536.732681891808
31684.559083628432
22228.481023483644
33229.936719726684
48807.63259293621
31097.232714497284
19404.978849267733
28891.99729815617
40606.608170775384
47906.1619679136
44355.06569697117
36439.04146457959
51356.83660471902
25381.039682738112
24836.88313578154
36552.262360529516
-9328.528544937073
17601.294833760527
86189.61731837886
88156.73885820407
8621.92847126183
13029.262487894839
57275.604277372484
9173.974150419459
19640.560679718525
18447.505526964283
59740.90849494514
13029.262487894846
16847.691699289237
39034.21073014304
96656.15082179444
57898.31562795532
10874.46206247218
-11573.201163106329
11324.437828496142
110085.25122441987
86189.61731837892
17686.43157211235
54515.586605905715
258.02581367094626
24886.597007036937
67952.77569400772
46281.45379603431
19144.24301334394
18987.531386694944
19307.06062454074
58299.26851619155
20093.903670892767
27137.450537156306
30744.43545113758
55421.69482967351
50561.1468770207
30037.435102563562
14105.84709171848
28984.965112980026
30744.435451137542
35243.7939346888
27011.423832651188
805.753823776251
31225.56280749021
17314.653581739723
4377.920376032936
16325.166973374438
55235.679022996475
58299.26851619152
55411.07662982013
7540.570090802963
8246.69829135504
22292.36532869513
27475.560902367837
18787.290404108116
13717.02997641423
25638.040251700822
25804.460573805627
40126.6298320063
42301.848624725426
31741.296475125855
20905.484677474
29723.459211898506
16519.93084211273
54297.07546397637
21262.712836868788
44585.84888790143
20905.484677474
31741.296475125873
25766.71570249463
32516.395418810625
39224.945530850615
39494.25526309853
48473.33319192716
36874.61411585566
40126.6298320063
40126.62983200631
47594.80372277781
48473.33319192717
58127.31402939523
42390.48591706244
28195.533866016587
42799.068127156825
38500.99556317658
41105.72688995856
44082.61088776368
28195.53386601659
38472.9163725973
35892.734013242225
29424.487276165488
44082.61088776369
41175.244686223545
58127.31402939524
810.315754448401
7788.058678459196
29424.487276165488
43291.98201919719
17931.02984219069
32750.520427264695
38500.99556317658
29424.487276165488
40916.24743857131
35423.603904629126
42837.76510793026
28195.53386601658
38472.916372597305
58127.314029395224
12401.063367597098
9965.606967306856
27936.0789756705
22630.805414141476
45695.53485190559
45785.69350695188
19625.135872365852
10522.435333223768
48268.69486363493
28783.920149657428
68499.54538579917
71912.028917303
43206.575937484784
50802.04636232988
-5244.224445614457
25304.754995084593
68499.54538579915
34136.97051835789
37014.10062673935
40263.60211849588
84704.75699776383
68499.54538579915
51454.0461922924
5252.014948413114
28279.926941601745
10522.435333223788
48268.694863634926
50802.04636232985
43514.96420119892
-3160.539420222027
25225.566191701946
20431.44905411651
30450.896924439832
13363.411577706325
42733.5327312377
8353.056850780637
45895.76601535387
35570.70486732281
70708.2032376001
49546.24610437591
41362.74417139979
42358.079799861334
30356.416914589732
43376.337660845194
70708.2032376001
57524.15567748062
29403.481983651305
36333.06513870815
61974.840895459296
70708.2032376001
6124.355054877816
4703.888120700911
13973.176231198411
8353.056850780647
45895.766015353736
42358.07979986133
38664.58511208115
32161.62913378564
40858.24443679246
40004.23100279029
37653.405859785555
7336.491773047332
22980.093831200225
22391.108171475742
37200.96042265628
37128.7756693503
37807.8194164419
13357.138405978467
32516.61918931359
52381.654073035716
37445.6744311677
40624.67203701831
37807.81941644188
37128.7756693503
40624.67203701831
38728.65866262569
44014.69222946405
37807.81941644188
52381.65407303572
31690.67700445376
22391.108171475746
22391.10817147574
37200.9604226563
52381.65407303571
