19423442854.51626
46978229480.33146
31883645642.455433
3996271632.412962
29403808209.023922
18224732987.366367
31818493564.210808
44311840313.77071
37823441813.01735
10727844999.001577
5554011999.580295
44221291989.03942
22101913551.555443
19638926349.86701
20680657705.82343
71271953124.61963
2964495871.4066463
10814244529.26458
51282223464.96585
20863387587.028336
11101869342.351887
3996271632.412962
16266306489.143606
16462581493.13132
31883645642.455433
44311840209.29249
38758219832.500404
16449045614.015234
16266306462.96995
16462581466.641848
31883645591.15236
3996271625.9826736
12228510129.067957
19898736030.79428
31818493513.012566
44311840137.99156
38758219770.13564
32505375140.03305
5554011990.206981
44221291835.27445
20092288575.871937
16449045587.547537
18940874781.829826
71271953031.91298
2964495866.4035716
9739463922.710167
51282223382.44907
22950137591.672134
12326995816.019648
3996271625.9826736
18232854396.22466
40402958890.34415
31883645591.15236
44311840033.51337
43950515161.06397
18435129858.357105
19638926311.99224
49829985406.543015
31883645580.966038
3996271624.705928
11101869320.941309
18993182179.01771
31818493502.84706
44311840275.328026
35875836837.32941
10814244508.408703
2964495865.68945
44221291821.94849
21235435530.483955
19638926311.99224
21636459607.239494
106060877382.17285
2964495861.029669
10814244508.408703
51282223366.06521
20117174547.96111
11101869383.840044
3996271624.705928
16449045582.292326
17472387351.90095
31883645580.966038
44311840118.61072
30222630670.794113
23584020325.097385
16449045468.420664
17472387230.945007
31883645360.245403
3996271597.0409737
12326995726.745382
20818399825.11115
31818493282.577454
44311839811.85353
30222630461.57218
9739463852.175262
2964495844.9341726
44221291409.147316
19373655062.100147
23584020161.832497
19739520135.14208
71271952487.31067
2964495837.9444985
9739463916.558357
51282223011.05421
22050406138.83449
12326995885.25697
3996271597.0409737
18435129724.84666
42855571522.63378
31883645360.245403
44311839707.37531
41687415332.318115
18435130084.69361
19638926270.563156
52535124252.915405
31883645513.70624
3996271616.275637
11101869360.420216
19697702725.289516
31818493435.724705
44311840129.61135
33822672737.84811
10814244485.595633
2964495854.775949
44221291648.458305
20297348995.10528
19423442776.18788
22519300683.875828
106060877119.96104
2964495850.1161675
10727844955.723877
51282223257.883354
19303249620.676376
35050086128.26606
3996271616.275637
23584020275.345974
14377116626.362253
31883645513.70624
44311840077.372284
28475932675.71475
23322016255.563488
23584019980.5027
14377116446.622068
31883645115.10251
3996271566.314952
12326995790.478739
21667861420.776722
31818493037.93549
44311839523.39344
28475932319.713642
9739463841.674812
2964495815.151462
44221290988.94067
18589812254.055393
23322015963.99574
20471724753.01826
106060875768.9996
2964495810.491682
27526430537.601093
51282222616.76201
21076317960.769543
12228510411.314846
3996271566.314952
18435129942.95194
45182088329.23204
31883645115.10251
44311839366.67612
39301656604.059296
18232855160.51716
17628520591.43154
14432211100.359867
25738865847.257404
3226089658.1817093
25568830232.958668
15677416726.398624
25686270171.554256
35054764736.12911
33641428769.879616
9349803138.328213
4393737262.235732
34983132582.2788
19047487865.62684
17824091236.0185
17805893449.37182
56382707894.84157
2345190460.4385753
9422090488.5373
41398850220.54728
17961304056.74386
9650981225.746275
1721949731.687664
14763135507.897356
14571079409.368189
25738865786.570442
35054764591.44425
34465234671.86464
14928987644.781599
14763135518.823534
14571079420.152225
25738865805.61974
3226089660.3157845
10657700840.506811
17132664831.910086
25686270142.580147
35054764617.38824
34465234697.372314
28265876808.663532
4393737266.696512
34983132481.55154
17297464196.63678
14928987655.830523
16293461650.345184
56382707983.113075
2345190460.6685424
8466626601.030723
41398850263.95088
19778489667.413506
10740100360.17352
1721949732.826744
16547954567.91496
84302578562.71684
25738865744.932793
35054764472.70336
39091051125.00878
16731537619.36293
17824091228.70632
44207371668.82714
25738865864.007374
1721949730.9812493
9650981221.787043
16341890038.709532
25686270113.49807
35054764736.21669
31827752708.70883
9422090484.671968
2345190459.4764814
34983132446.49225
18288518341.14399
17824091228.70632
18633891037.0559
83903965200.90106
2345190453.023463
9422090402.226051
61606258719.943726
17308982260.151096
9650981317.58145
1721949728.2745805
14928987638.657112
15497221695.115166
25738865772.976944
35054764543.303535
19722110372.205963
21404618570.35384
14928987582.384148
15497221636.700315
25738865675.957493
1721949724.3552408
10740100307.33528
17929356677.517467
25686269954.71632
35054764411.16896
19722110297.86592
8466626559.377327
2345190449.1308722
34983132188.009445
16669251559.15937
21404618489.67179
16984045206.193972
56382707617.41433
2345190442.677855
8466626518.403826
41398850043.7617
18990392832.97526
10740100470.379606
1721949720.295236
16731537537.048523
38019922747.933395
25738865615.270535
35054764266.484085
36983575339.94192
16731537723.968214
17824091220.226112
46726489221.20719
25738865821.41805
1721949727.4553242
9650981312.989779
16957765434.562212
25686270054.690365
35054764719.53862
24963926193.091377
9422090397.74328
2345190451.9076853
34983132296.5659
17475867143.83205
17628520575.33444
19407193139.351223
83903965143.22266
2345190443.3036604
9349802886.752953
61606258668.286285
16605186529.999258
30478695484.732113
1721949724.7486548
21404618560.170113
12784661104.104782
25738865791.074593
35054764574.85377
18543481191.11779
21166826291.895885
21404618364.357967
12784660987.149094
25738865555.6122
1721949710.2140424
10740100407.501444
18673421074.965702
25686269757.74858
35054764254.168365
18543481021.479687
8466626468.835769
2345190428.9478846
34983131849.917534
15991467472.78032
21166826098.259094
17624121134.36573
83903964409.4012
2345190422.4948645
23936308065.639946
61606258090.17897
18146554073.591095
10657701202.093874
1721949707.5073743
16731537626.013046
40186454300.97059
25738865464.581768
35054764061.255165
18366754332.444786
16547954963.246012
16341171221.248602
12956448677.297304
20796695575.955868
2606641835.1761074
22448873103.613705
50966888349.34811
20754198868.067833
27706050447.090706
30361288258.822212
27656879809.05946
3472655064.234105
27649434891.252735
16531300981.759102
16522460023.838469
15443560532.089458
44562904970.56764
1853555875.3036916
8287408026.875784
33449775534.46687
15577189877.509357
22596537517.346935
1391314773.911743
13685035216.04286
13077149597.752985
20796695490.11969
27706050315.100758
18819012836.29403
13838775718.194212
13685035247.164495
13077149627.492203
20796695537.414207
2606641841.8212094
25017942005.071903
14859650221.561516
20754198840.147793
27706050378.10809
18819012879.09103
24816820985.667686
3472655072.1313972
27649434819.033657
15001465407.460781
13838775749.665474
55243407894.48333
44562905137.23126
1853555879.5189292
24980060678.931175
33449775638.1483
17165736959.217045
9446692862.17523
1391314776.182503
15339515189.732197
75682238763.57611
20796695451.57802
27706050202.121487
35279555477.673485
15509691760.373323
16522460036.43002
39780388422.03047
20796695600.38837
1391314774.9720457
22596537534.567455
53130592442.87666
20754198811.841423
27706050512.201756
28640480479.99143
8287408033.191507
1853555876.716262
27649434777.22635
15863765971.250652
16522460036.43002
16163348115.040596
66314736736.37679
1853555868.86717
8287407905.6399355
49777119803.23051
58384362524.24499
26935646638.62021
1391314771.143708
13838775728.74056
13941136780.03956
20796695485.940132
27706050292.218563
17741801705.57673
19841513894.83644
13838775693.746212
13941136744.78637
20796695433.351173
1391314770.560525
9446692824.003351
15552223490.523499
20754198684.24201
27706050222.1578
17741801660.71273
24980060577.99258
1853555872.0291429
27649434578.965965
60772108524.98475
19841513844.662865
57588662182.34746
44562904891.84145
1853555866.142325
21153790361.024754
33449775450.593407
16472583796.585842
9446692997.97025
1391314766.7321887
15509691697.70228
34212558948.01072
20796695347.514984
27706050046.171173
33279991786.549004
15509691818.91425
16522460047.765453
42170516047.10346
20796695614.656216
1391314772.0982368
26935646657.099743
14706857269.677645
20754198747.008617
27706050487.213207
22411245723.304607
8287407911.325614
1853555870.1388252
27649434667.8528
15157319043.573141
16341171245.328442
16843488887.07622
66314736717.06881
1853555864.2520058
23420592417.549694
49777119826.84483
56006703934.53155
26759627668.063557
1391314766.993787
19841513908.448956
14787586916.775692
20796695528.82004
27706050311.22662
16642272500.598505
19621086720.490513
19841513742.115017
14787586792.809464
20796695354.47869
1391314759.5413897
9446692949.14645
16206649033.230965
20754198497.90559
27706050078.963264
16642272361.084213
21153790251.6946
1853555856.562503
27649434314.476147
58297209241.01654
19621086556.004444
15284763226.10563
66314736225.94792
1853555846.751138
21015553966.886997
49777119429.5751
15739025287.146643
29822023197.821693
1391314755.7130516
15509691738.754766
36268154478.51737
20796695240.030426
27706049946.973305
16488665796.876648
15339515426.36563
15497027251.993225
11788935743.526531
16815887881.247112
2107690459.9564676
19874689362.062737
44453545767.595924
16781525681.51302
21882470414.098347
27786414681.431488
24532013277.620934
2742732016.621391
21837754931.669018
14422826763.086878
15668951129.448006
52696224255.0359
35196155102.725075
1463953933.4389436
7347553145.30864
27046973551.09388
52874105434.740944
19996681800.545933
1124995705.9111137
12978100578.76787
11894267415.811596
16815887801.13724
21882470255.53984
17216674067.22396
13123899256.756647
12978100625.23136
11894267458.394806
16815887861.340567
2107690467.502307
22191241039.695473
48616889812.75888
16781525659.59726
21882470333.88227
17216674128.862164
21971107696.846558
2742732026.440772
21837754888.13252
55036499377.88124
13123899303.742119
48183545145.0771
35196155267.96755
1463953938.680113
22105967330.68656
27046973687.572163
14976344048.683323
8375366368.852135
1124995709.9387617
14547114280.45964
68862469970.04117
16815887754.5274
21882470175.323734
32287574046.93238
14708499859.643694
15668951161.443384
12592335216.138302
16815887942.287771
1124995708.2083104
19996681841.37837
46332931575.73657
16781525633.78417
21882470419.14189
21781425246.28382
7347553160.312054
1463953936.4282796
21837754842.370117
58190649303.2173
15668951161.443384
55142427383.63843
52375933810.34633
1463953929.3564885
7347552997.690444
40249012806.43078
50914521222.672226
23836552624.64732
1124995703.4443889
13123899283.55513
12712585665.185038
16815887808.77135
21882470260.583378
16178320002.010124
35379763182.707115
13123899280.443953
12712585662.171366
16815887804.784943
1124995707.941616
8375366353.983789
50873728301.18715
16781525551.90964
21882470255.395874
16178319998.174858
22105967291.443005
1463953936.0812328
21837754697.216522
52996772156.80616
35379763174.319916
50220624464.30145
35196155146.633026
1463953927.2414937
18719930311.544163
27046973599.910915
55904328607.63526
8375366514.123845
1124995704.3686755
14708499833.532469
73555350982.72633
16815887697.971762
21882470096.837322
16025286522.213858
14708499879.21161
15668951189.145823
38594128121.08742
16815887945.314697
1124995705.433362
23836552666.789936
48116182660.16979
16781525585.557352
21882470497.469334
20391755715.023758
7347553010.680792
1463953931.944734
21837754771.431904
55609220679.05424
15497027311.036022
14695196825.484404
52375933873.75284
1463953924.8729415
20774370762.993435
40249012838.25824
48849295392.24634
23691135492.00688
1124995701.8604207
35379763245.257935
13528502802.098888
16815887838.50154
21882470338.910824
15136909974.35273
18607510519.789913
35379763007.77636
13528502711.290758
16815887725.627312
1124995699.0729706
8375366474.698388
14139582617.434942
16781525399.117304
21882470192.02789
15136909872.7484
18719930223.423626
1463953920.350207
21837754472.70053
50847082995.43034
18607510394.889675
52153502272.252235
52375933536.78355
1463953913.2784145
18605726820.809586
40249012607.42463
53424326161.973526
26452524070.342743
1124995693.1180687
14708499809.974127
33192333071.522495
16815887645.517431
21882469993.82968
15002862473.311073
14547114425.147215
15053881560.36911
10855286759.853445
13604306664.843065
1705153337.2375088
17704157541.734116
38931874151.26247
13576507100.89424
17275595581.21416
25742197205.37488
21879918360.917103
2165309870.000937
17240293967.300053
53058895579.519424
15220889181.890837
46123040515.9506
27786375605.801422
1155750499.9208708
22017618886.995537
21881409108.743103
46282070650.217636
17803758105.39017
910138475.0816431
12606984926.942944
10947181466.974386
13604306566.267424
17275595440.153946
15942560346.822157
12748614339.865025
12606984978.405434
10947181511.661457
13604306621.801043
1705153344.1980507
19792201195.43155
42552551303.440155
13576507080.641916
17275595510.673992
15942560411.900675
19571624247.325737
2165309878.8398666
17240293929.38986
48174869649.68149
12748614391.905655
42198562244.70201
27786375754.13231
1155750504.638715
19681730031.652496
21881409222.45679
50974200777.69245
19916763681.204098
910138478.7968853
14131131859.817947
63408765728.49772
13604306523.225384
17275595369.613747
29912210597.41624
14287902504.774439
15220889203.793745
11625717066.341618
13604306659.775814
910138476.3913352
17803758131.009834
40557099583.38627
13576507037.191164
17275595641.33886
20109430289.819
22017618918.678967
1155750501.5839994
17240293894.651367
50902155218.94938
15220889203.793745
48235729198.35718
41349328242.05318
1155750495.2926407
18645114489.06793
32562057733.882393
44567551330.20728
21222531905.84004
910138471.9948109
12748614358.210321
11731181979.43034
13604306561.20017
17275595500.278637
14929363701.683767
34368060046.69221
12748614374.483728
11731181994.40501
13604306578.565855
910138477.5531135
19916763653.986362
44501693512.64657
13576506967.498014
17275595522.330666
14929363720.740866
19681730004.75595
1155750503.0592961
17240293808.37219
46390229742.11104
34368060090.5625
43960155218.87358
27786375698.70756
1155750496.7679381
16667020579.983244
21881409155.965595
48902201068.962524
23741288371.801872
910138472.0574578
14287902485.248959
67909064701.60374
13604306479.990185
17275595381.270405
14795146524.60312
14287902483.336357
15220889254.27552
35754798501.0809
13604306729.539913
910138475.0133866
21222531976.226933
42117338141.898964
13576507014.113922
17275595663.370243
18776788749.090137
18645114550.90653
1155750499.125816
17240293832.715965
48672677095.59837
15053881631.95957
50279490564.297165
41349328301.27836
1155750492.834456
18528504934.00639
32562057823.728672
42781618280.501724
21103806495.26119
910138470.6168612
34368060160.677704
12527331062.893356
13604306630.96427
17275595522.310024
13931627062.072157
33986251749.656445
34368059993.636856
12527331002.006123
13604306564.842558
910138469.490663
23741288304.846107
46387244642.30186
13576506853.536724
17275595438.34456
13931626994.359552
16667020532.978504
1155750493.5084622
17240293640.635914
44531255401.37295
33986251584.47132
45651307973.826744
41349328152.24908
1155750487.2171025
16573779198.051493
32562057674.54033
46760321017.52988
23592807663.34722
910138465.0941377
14287902443.041267
30750408138.600533
13604306441.62296
17275595297.284267
13814679669.312695
14131131796.911943
14989576756.761414
10088244060.536396
11009152097.67376
1379878660.9335012
15818826106.540384
34140687487.572357
10986655574.468714
13637126035.6898
20063315962.924976
19552744690.904522
1709266891.6828
13609259386.647593
46375139294.80876
15155870983.560791
40381736163.15681
21934196366.938114
912334114.7218205
19663111407.077858
17707316303.468372
40528815187.52109
15898638171.121971
736520658.9130571
12553132392.608347
10167906481.574663
11009152007.780859
13637125911.759108
14895396368.530682
12694156817.14319
12553132448.402496
10167906526.767344
11009152056.712572
1379878667.0665653
17687079567.75859
37255694440.58055
10986655554.293346
13637125972.371218
14895396434.735348
17487424633.07994
1709266899.2798755
13609259351.999346
42186322953.792175
12694156873.564142
37005357671.15927
21934196495.0942
912334118.776817
17575654590.638638
17707316404.4149
44553050695.66439
17786916356.19585
736520662.1866254
14070768718.354744
58928255314.75629
11009151966.819653
13637125848.440483
14761218555.67492
14226869697.219011
15155871005.32687
10831369431.276403
11009152135.957762
736520659.9708099
15898638193.954775
35531664883.627686
10986655528.140799
13637126024.292067
18735417977.109833
19663111435.317
912334116.0320677
13609259301.542358
44515681110.92831
15155871005.32687
42183800202.473434
32640611241.78522
912334110.5046948
16651253895.198208
26350526765.463165
39045181102.563576
18951580582.029175
736520655.9615401
12694156835.373882
10923253721.5212
11009152046.06486
13637125900.361391
13901176068.271288
34221251980.94892
12694156848.719004
10923253733.004604
11009152057.638569
736520660.7450993
17786916321.38311
38918258095.094894
10986655470.683767
13637125914.697836
13901176082.885324
17575654556.23938
912334116.991187
13609259230.226658
40642010872.50359
34221252016.925056
38513047430.53321
21934196406.16463
912334111.4638152
14883538960.445751
17707316358.636005
42766652809.80793
21202456287.072582
736520656.7358298
14226869669.374033
63269058612.29919
11009151967.74564
13637125821.749771
13784241866.594168
14226869668.58051
15155871064.321512
11599057391.426302
11009152156.337965
736520658.8284668
18951580655.79872
36881794541.69239
10986655494.998854
13637126108.357622
17450006791.443295
16651253960.013668
912334114.0559802
13609259268.8939
42613998734.14978
14989576836.63601
43945852087.33427
32640611346.02198
912334108.5286058
16557791338.21443
26350526818.381054
37516659431.424644
18856443559.45119
736520654.8191961
34221252114.156075
11704491628.25992
11009152066.445065
13637125984.426916
12939904220.423147
33841074647.012836
34221251972.524952
11704491579.818665
11009152020.881605
736520655.7802367
21202456259.563614
40543907205.880196
10986655380.521397
13637125927.98709
12939904166.868904
14883538941.135216
912334110.2801142
13609259117.432886
39050975404.27344
33841074506.955147
39976461685.86325
32640611233.750374
912334104.7527398
14808822637.64327
26350526742.425922
40939689349.20825
21083449108.071327
736520651.7709662
14226869650.121962
67753338684.83262
11009151930.988657
13637125773.073696
12838523909.27586
14070768465.571144
15300897924.213528
619090550998.2075
8909028662.248657
1116650802.3451345
14123751768.36694
29882420374.116257
8890823596.578068
10767343177.40404
18840830576.71122
17433110534.340305
1349570514.7090883
10745340749.468067
40353845069.20776
15470645944.328072
35244319854.12781
17318386511.424698
720343456.0406338
17518998851.18336
14329440353.123318
35384790746.40932
14186041702.883282
596020800.5947946
12813850616.420853
9493404586.407713
8909028581.285698
10767343069.83095
13977630087.78057
12957803757.44995
12813850709.534142
9493404655.392605
8909028646.024158
1116650810.4594033
15769694683.732548
32515977138.05199
8890823599.0323
10767343148.073061
13977630189.35059
15613550817.1824
1349570524.5158937
10745340765.61571
36831923181.879456
12957803851.60929
32389788829.28775
17318386663.88953
720343462.4745439
15682410399.498945
14329440477.283989
38768334488.335266
15847388587.84667
596020804.9258472
14363007039.888987
362471425478.0219
8909028565.061169
10767343067.393215
13861797100.922094
14522349835.177183
15470646026.130678
10140511602.528564
8909028689.11531
596020803.746315
14186041777.893412
31053136337.494102
8890823575.222067
10767343207.444202
17540415787.73071
17518998943.81684
720343459.8495228
10745340736.092619
38783609941.04132
15470646026.130678
36751994277.255806
25771754481.31873
720343456.2511607
14835561479.643261
21323858228.28972
34123797322.02217
16910122186.806597
596020800.1353253
12957803825.965647
10219354282.70602
8909028608.15236
10767343126.764372
13005377831.9321
34931998679.9823
12957803902.794243
10219354343.297972
8909028660.975212
596020807.2802042
15847388650.445847
33906940513.952095
8890823572.00023
10767343190.605427
13005377909.042767
15682410461.44644
720343465.3199911
10745340737.86861
35519357300.62582
34931998887.09891
33658735646.711918
17318386692.371098
720343460.522176
13280288673.417933
14329440503.835814
37259795760.99763
18890490068.06034
596020803.6692151
14522349892.542294
59233564964.31076
8909028600.252962
10767343083.032272
12905040571.031384
14522349887.479717
15470646078.840864
10892310937.07765
8909028739.710087
596020802.1660335
16910122244.421234
32200659618.34146
8890823549.577316
10767343271.02297
366654050770.00775
14835561530.189646
720343458.7054498
10745340698.381645
37192590982.40655
15300898057.25041
38239973792.161354
25771754559.222893
720343453.907633
14762827894.03296
21323858286.03581
32837317480.254738
16835871812.00906
596020798.5550426
34931998798.99944
10983330088.845606
8909028658.747116
10767343163.449867
12081517986.984446
34543925369.314476
34931998767.21879
10983330078.853123
8909028650.641804
596020801.6237826
18890490003.231697
35279733441.27246
8890823479.336618
10767343153.653885
12081517975.992846
13280288627.842453
720343458.0500914
10745340626.671076
34180262629.842644
34543925337.88689
34902543352.84798
25771754575.388058
720343454.4517287
13221975688.187243
21323858281.542305
35731289598.745224
18797877415.191116
596020798.0127919
14522349837.641714
63625034293.909935
8909028549.438086
10767343072.974052
657084723822.423
14363006501.288347
16003410899.659737
578609098332.6512
7207491603.719246
903381455.6784618
86680762322.13338
272355071369.54333
7192763521.591915
8505966056.964476
397364314008.6258
140144504037.13763
1066131246.1223569
8488584636.189155
34838964592.3083
16180952594.96828
334942573227.9285
13681147288.182993
569055606.2109432
15503344694.70221
11592657846.459784
334395313269.1983
87005319909.19571
482186675.5489361
13402175328.726648
8865829906.38836
7207491531.711498
8505965987.72564
13096866462.900042
1134020438753.2441
13402175455.06243
8865829989.96222
7207491599.65301
903381464.1941985
96461613803.30632
295111330982.22894
7192763547.936547
8505966067.90724
13096866586.357822
125934371147.78403
1066131256.1722564
8488584652.424735
348845763728.1901
1134020449443.1023
309114910526.6833
13681147434.28156
569055610.5457906
126405899419.67314
11592657973.55635
33470134870.34518
14024062049.24437
482186680.89717036
15022458488.973423
338769932378.8345
7207491545.647181
8505965998.6683855
712120931603.6611
15189117155.464973
16180952720.81279
623271411833.4017
7207491641.772319
482186679.2990581
87005320585.86424
282435150208.9039
7192763530.546586
8505966123.118124
369130146668.25604
15503344815.276743
569055610.636673
8488584631.338545
33548876467.373707
16180952720.81279
31791473740.261368
20359123521.721508
569055606.5192226
13128651108.100546
17251210576.207092
323002829728.78156
121339426386.07756
482186676.8903706
1134020447572.8882
9554931787.755417
7207491587.7664995
8505966030.799678
12159818866.704266
36535837975.86617
1134020458731.638
9554931881.775848
7207491658.688144
482186684.84666544
14024062164.112669
29330424709.99504
7192763559.865246
8505966114.498298
12159818986.35676
126405900455.0387
569055615.2068117
8488584661.714302
336960953542.04065
36535838335.37845
320555490261.259
13681147517.78601
569055613.1480858
96614574806.635
11592658041.782166
32230735733.135666
16717038427.824718
482186681.63508284
15189117279.876009
364919279183.44977
7207491586.680351
8505966045.259434
661522158006.2604
15189116920.259804
16180952822.062672
670944442537.927
7207491704.874035
482186679.90758127
121339427145.34079
292396801956.3001
7192763525.804553
8505966176.342928
342679064487.17914
13128651190.251106
569055610.0800025
8488584631.302773
352084345792.3812
16003411124.262386
33013981644.48461
20359123615.120983
569055606.9919142
107115260631.30124
17251210677.52502
311474908581.7379
120886796373.20126
482186676.6959974
36535838204.48369
10291244287.197193
7207491632.866278
8505966107.104094
11282852560.435057
36129946237.045525
36535838326.46169
10291244321.555387
7207491656.929102
482186681.51740277
16717038423.744843
30458296560.197086
7192763508.360145
8505966135.501986
11282852598.10382
96614574783.05573
569055613.009205
8488584606.490794
324934855256.6271
36129946357.66843
331861652063.97736
20359123717.086296
569055608.8917536
96254170061.796
17251210761.635277
337499758805.30365
134527374624.12303
482186679.1087149
15189116916.552824
392831363602.5706
7207491602.923279
8505966043.183503
614118885874.6282
15022457909.996504
17132240991.10281
537958223089.37726
5827807926.724784
730452965.0683969
76362352895.11333
235309798332.12503
5815899158.091828
6724817017.2147
369726009494.51337
122796876512.50636
842883395.6612561
6711075266.829337
324924748323.3549
17322305910.57419
991093746611.6138
10816315459.56465
449895379.4240034
123215524104.26254
9373550056.372524
287507950348.3287
76597487662.4129
389884787.9727863
14347522467.5092
264181304090.35904
5827807879.286241
6724816958.412415
12174000372.902012
14508705855.365213
14347522549.64278
264181305602.68674
5827807912.64801
730452969.2499352
84521222690.3506
1004281701714.2399
5815899147.685481
6724816996.909186
12174000442.593084
110943242744.82713
842883400.4864123
6711075266.126021
299932225997.7466
14508705938.421503
267069625990.34955
10816315536.034096
449895381.9994663
111284854289.84741
9373550121.77079
311465184286.4379
84809382051.2251
389884789.49945277
16082095234.12557
314969245354.4656
5827807865.209455
6724816957.707641
662590026116.6324
16260509842.961435
17322305962.650146
579452043320.7808
5827807944.244889
389884789.14489496
76597487892.68753
243375941250.01642
5815899127.020641
6724817057.0322485
343178290672.8175
123215524474.68474
449895380.7765216
6711075247.883389
313721922547.89026
17322305962.650146
298447873520.1331
16095923607.794476
449895378.1539094
94176106444.24216
13948922448.124815
278333338172.5979
106824446097.76451
389884786.3238504
14508705898.982664
284681032128.0324
5827807880.9935
6724816998.229962
336774845365.97
39112961362.059364
14508705983.075745
284681033778.0559
5827807914.771724
389884790.6994226
84809382312.24759
262956573874.24988
5815899124.313209
6724817037.20729
336774847317.9314
111284854632.35493
449895383.38413405
6711075241.640965
290361133311.6142
39112961588.759766
276224450727.3679
10816315554.773512
449895380.7615224
85057254908.73305
9373550131.055933
300726431968.5463
118276924806.95744
389884789.28889984
16260509893.0073
339263469922.15314
5827807867.333163
6724816958.804223
615013561842.7552
16260509417.093285
17322306102.4738
624277525317.1809
5827807991.286282
389884789.4709553
106824446960.0391
251398275021.536
5815899137.549284
6724817091.713433
318603735419.39734
94176107204.4208
449895381.7854129
6711075250.895631
1163750857828.984
17132241180.89685
309105260104.4409
16095923701.63071
449895379.16279995
93856121429.47726
13948922537.427668
269108619713.00598
106496527484.1353
389884787.3551714
39112961677.77467
9566075408.890707
5827807943.847739
6724817032.911147
312523870823.5832
38678440270.51393
39112961732.60487
9566075422.300837
5827807952.017407
389884790.72277284
118276925241.94258
272346598675.40308
5815899109.285615
6724817042.33828
312523871261.6924
85057255221.54674
449895382.41609544
6711075215.163385
280737768925.8208
38678440324.73501
285329549558.70917
16095923745.847586
449895379.7934824
84796150292.83351
13948922580.27307
996525347565.7523
117875057612.94194
389884787.90172756
16260509476.8943
365508349499.0352
5827807888.765993
6724816983.535968
570973226560.282
16082094859.91225
18743831065.938255
241658257107.97372
4708738697.016986
590189688.7399757
66504343268.64556
201323018612.0349
4699116678.806131
5321844997.753876
339187799447.50916
106161234015.69756
667035961.2286668
5310970137.522788
274305584422.93387
18951774951.980194
842362191298.1273
8559750276.877726
356035482.8446817
106447025262.08646
7573619182.978147
244553344376.20175
66667250579.117256
315018204.551886
15697160546.528564
242794288127.45462
4708738655.843434
5321844964.772897
332664999701.2538
15873505033.752811
15697160622.857073
242794289308.0583
4708738678.739996
590189691.6098133
73070891934.89857
853571053361.5704
4699116674.262958
5321844990.650728
332665001318.8598
96621007770.84215
667035964.4721742
5310970132.96597
255121393672.9902
15873505110.938807
228495641329.08566
8559750338.902847
356035485.311412
96857684211.37744
7573619229.993727
262942850129.49176
73267605689.23224
315018206.0836831
17594900524.19177
705029769811.813
4708738651.290947
5321844941.179249
607862163001.581
17790098178.312122
18951774982.065517
259864228245.7562
4708738718.216475
315018205.05196714
66667250684.94934
207583575853.7659
4699116658.872881
5321845022.692612
932704804598.154
106447025431.06763
356035483.4098764
5310970120.635634
265697452306.21326
18951774982.065517
252761548806.91315
12737894594.766685
356035481.9389073
81359605777.20526
11270417924.338932
237399920914.4512
92975532039.50815
315018203.21560556
15873505058.951483
261178344445.3966
4708738677.042923
5321844973.221146
308971396585.8935
42792226637.25899
15873505121.642063
261178345476.8904
4708738695.639544
315018206.29609495
73267605738.63545
222703246220.5812
4699116645.824253
5321844994.23916
308971397806.14044
96857684276.68707
356035485.5514812
5310970106.165298
247658835732.25098
42792226806.26196
235601180737.33823
8559750332.4329
356035483.34502894
74030279184.00183
7573619224.912157
254691307403.95544
102180523577.3406
315018204.4597338
17790098190.30771
758145063757.1093
4708738640.741463
5321844944.767689
307416808348.2633
17790097534.609966
18951775062.734528
572714154565.563
4708738724.534898
315018204.55649346
92975532435.26234
213838567068.33188
4699116643.053318
5321845028.854783
867359929891.8479
81359606123.51578
356035483.454387
5310970100.201154
989108973858.692
18743831175.477364
260950573058.71783
12737894636.841375
356035481.2479338
81141165031.43549
11270417947.042852
230240134739.7961
92748340682.56253
315018202.72013134
42792226819.40586
281206919733.88525
4708738683.361346
5321844979.383315
287223243089.3778
42316829451.588455
42792227198.06346
281206922222.21423
4708738725.027784
315018207.34401006
102180524512.89563
229918443822.28387
4699116653.027359
5321845026.474977
287223245630.94366
74030279861.81592
356035486.6048554
5310970121.878442
240189640656.6741
42316829826.039375
242700404247.7359
12737894779.91747
356035485.1338862
73849378442.39853
11270418061.933388
846978679327.3049
101906186402.34387
315018205.50764793
17790097697.49438
335318502149.73926
4708738683.854215
5321845009.98447
285879321582.462
17594899390.6812
20918758915.440216
218936897568.6215
3801191321.674746
476438398.36325943
80588308054.09329
674969183578.0011
3793423822.9309306
4216187440.106698
903608077395.4165
90447181793.89732
528453692.3029432
4207571924.47203
228815321783.2601
21150831440.506638
707862297377.4194
6781390964.458188
282066150.527931
90632942288.56567
6113903821.306935
205682346804.69513
57273079437.07604
254302593.96293527
17518570036.5166
219771661505.95203
3801191298.117688
4216187412.5884147
299133148716.7192
1482327790896.7441
17518570267.494987
219771664403.5917
3801191348.2355366
476438404.6449921
62254893351.20838
717281441105.3771
3793423851.2458243
4216187468.177893
299133152660.7222
154162728411.75354
528453699.2704859
4207571948.2609396
214570639552.3797
1482327810440.9011
666105702284.8354
6781391060.67866
282066153.63324517
83209339499.43663
6113903916.490288
219336961502.8724
62382754699.14954
254302597.84118548
19636513153.31552
638740969976.5914
3801191312.8999414
4216187426.9004674
297826612609.67017
19854359554.11061
21150831665.950207
234626635686.0509
3801191373.9696026
254302596.67350882
57273080047.54128
175129513675.55884
3793423845.280683
4216187485.0464134
842122026060.9463
90632943254.60873
282066153.5344322
4207571937.6329374
855634442326.1356
21150831665.950207
728690263424.6044
10091491146.05614
282066151.6934382
69272583775.03937
9098193361.456295
200284309068.11078
79874225755.64157
254302595.62285158
1482327806696.6558
235585592076.66748
3801191338.634017
4216187443.7689962
278695424620.6875
47757592205.614426
1482327817915.2026
235585593859.62537
3801191367.402177
254302599.12344858
62382755013.70041
738386567272.608
3793423848.672756
4216187475.6779275
278695426729.909
83209339919.00084
282066155.0554997
4207571948.3520103
208939325623.74417
47757592567.05324
198766787513.94318
6781391088.06292
282066154.4418346
63598574869.54473
6113903938.5745125
732683778770.7548
87000284010.29575
254302597.54746372
19854359654.221706
684515238558.3842
3801191332.066588
4216187461.9187746
277560987081.85364
19854359637.324047
21150831812.27204
251757489227.7725
3801191388.4877906
254302597.3821216
79874226308.2129
179849589005.51004
3793423840.781222
4216187514.214075
785808424783.2992
69272584254.26836
282066153.64477694
4207571945.616337
831178051905.8584
20918759283.12651
217675078872.0431
10091491200.669565
282066152.4174471
69130600677.01288
9098193415.72328
669756227099.2094
132295290018.65741
254302595.806136
47757592536.00231
252861916984.05786
3801191353.1522036
4216187486.695791
259987706531.11752
47227034479.03058
47757593186.642685
252861920429.00058
3801191404.9389124
254302600.84669212
87000285139.00545
191789249598.0422
3793423874.3783207
4216187544.136328
259987710073.14066
63598575694.64927
282066158.10125726
4207571981.814842
782147072664.253
47227035122.44273
204123929603.81265
10091491353.353823
282066156.26026297
106876901440.72278
9098193561.361534
711741682057.8403
86821969373.32051
254302599.7960348
19854359894.90721
734493930130.9872
3801191393.160372
4216187502.858902
259000186087.01855
19636511724.16986
23765770819.9618
194794268621.1915
3065602869.1427317
384240306.7573237
68352831634.38653
565377759506.7992
3059338501.1980004
3344058156.0780997
796005441395.6537
141013600820.39926
419141678.34305847
3337224781.406135
726256955083.2836
24029428061.724087
588453746001.4323
5378642692.336482
223720037.22402388
141227599207.2855
4930770249.838681
171137510231.45132
68449007812.11707
205091166.5171575
19902821297.11921
195375436695.21918
3065602849.134103
3344058133.28234
263252655021.00226
20126412453.64334
19902821589.90806
195375439569.37198
3065602894.231947
384240312.4098528
73714625686.87184
596283981527.201
3059338523.1639915
3344058182.476518
263252658893.69144
130756672896.45671
419141684.50901896
3337224813.000414
178532994691.9184
20126412749.72142
557953399155.0955
5378642777.102061
223720040.51515186
130940650696.03021
4930770327.325968
621897216902.6451
73826494698.71054
205091169.0880404
22309013355.119457
568305662066.2299
3065602864.2190037
3344058159.6807475
262361099165.36697
22556508053.60894
24029428367.025574
207704544632.20157
3065602908.0921855
205091169.12290564
68449008681.78337
579005698252.0466
3059338517.0281653
3344058198.565421
745493244772.8687
141227601001.6268
223720040.06645772
3337224806.3072605
708556290473.6436
24029428367.025574
603433010449.8488
8004040100.42318
223720039.04975513
97909326707.18732
7337554298.536059
574533872800.282
112367181998.85387
205091167.78431326
20126412709.355778
208365431779.39908
3065602878.0792484
3344058175.769648
246494247738.82468
54257328752.36995
20126412997.36272
208365434761.0875
3065602921.9477177
205091171.61154243
73826495607.09343
611462578111.6348
3059338545.4471908
3344058223.622785
246494251266.13257
130940652307.16246
223720043.267869
3337224836.5632334
670945616771.8567
54257329528.78687
571402369809.1718
5378642837.641671
223720042.25116593
90777660005.54836
4930770383.044504
606740069038.9604
121194966187.19046
205091171.1653447
22556508331.150845
605970956492.2306
3065602911.943395
3344058200.8270154
245712422146.8051
22556508321.552147
24029428414.862377
221777932018.6486
3065602914.195062
205091168.19260037
112367182222.54985
149643423660.00897
3059338507.7587667
3344058205.2226305
699155686597.2773
97909326902.1012
223720039.49512783
3337224795.4514966
690967499474.6133
23765771169.225365
618507547640.8586
8004040107.963155
223720038.47842476
97760963695.03395
7337554302.091619
561011203352.6372
112209299195.86423
205091167.30020502
54257328860.383224
222531575528.29883
3065602894.1864333
3344058182.4268684
231127216101.16772
53654562681.81048
54257329380.070915
222531577659.7514
3065602923.5494
205091170.6032026
121194965855.00264
626737715620.4006
3059338521.701929
3344058214.456936
231127218314.95105
90777659756.73248
223720041.6379633
3337224809.9167323
655153706871.9475
53654563195.72476
169840831808.10397
8004040193.021614
223720040.62126037
90650108529.16197
7337554383.423947
591678716910.2191
121011321471.85782
205091169.26461002
22556508259.726166
647029585092.6224
3065602893.536456
3344058191.6611605
230439696111.2634
22309012260.237457
27427217854.60588
4018897116704.723
2469924356.0357018
309578419.8870924
57257190733.675446
437556465922.884
2464877219.3686776
2655327940.028109
686184917398.7606
116947085187.76126
332816762.9569398
2649901947.209187
2492717846.0567274
27731495141.472847
5729593741.06073
4270876750.7759557
177643461.46482092
117074568434.66637
3972670320.959889
3830296757.462652
57315645503.20503
165239820.3268344
22969127301.059643
170430517791.9679
2469924339.198733
2655327930.6441584
226738158184.77164
23227168776.75229
22969127262.811825
170430517508.16974
2469924335.085855
309578419.3715874
61133893599.33132
458055717686.7229
2464877202.339151
2655327926.2225494
226738157807.21094
109531082445.49846
332816762.4027387
2649901928.3892646
2376540277.130455
23227168738.07478
5473178750.408797
4270876752.952355
177643461.1690121
109642902319.89516
3972670318.510953
4017541368.8364134
61200536955.1087
165239820.0516797
25746026250.41391
2290930059554.9106
2469924318.2488785
2655327907.454637
226164571787.0449
26031654267.22818
27731495048.089447
4258528134248.955
2469924347.718449
165239819.77040365
57315645310.19957
446600111402.3962
2464877198.1433663
2655327940.470478
3036058093139.682
117074568040.4279
177643460.86662197
2649901923.878524
2440649885.5036407
27731495048.089447
5853684086.213825
6355556630.509408
177643460.0295639
81164673814.43492
5911791108.369753
3753944043.845998
94090442812.98235
165239819.0194662
23227168698.53681
180616907581.67105
2469924330.881471
2655327912.318617
213668018376.63052
62616430766.60089
23227168426.62428
180616905467.25058
2469924301.9669104
165239817.8359975
61200536134.47756
467976193480.52875
2464877156.3628345
2655327881.2335997
213668015875.29196
109642900849.70576
177643458.78701085
2649901879.8904123
2329166509.633165
62616430033.57172
5586301153.909945
4270876686.396453
177643458.36848158
76012497345.30533
3972670261.075568
3933622901.0727034
100467952348.31485
165239817.08505973
26031653918.172646
2427529177863.503
2469924285.1299353
2655327862.465698
5003025488332.058
26031652044.226974
27731495290.080685
191180440017.23343
2469924369.271559
165239820.4613859
94090443634.03664
455683665847.4067
2464877206.727383
2655327954.257509
2865216524912.1006
81164674522.69604
177643461.57972056
2649901934.035547
2388911307.024107
27427218001.583153
5978564386.245418
6355556679.058465
177643461.1611913
81076291382.94852
5911791153.757447
3677926800.644769
93994484468.54501
165239819.71044812
62616431313.0059
191665298921.71448
2469924352.4345884
2655327935.4896097
201617624123.62802
61920796123.60504
62616431757.23779
191665300281.48282
2469924369.9574523
165239821.63367847
100467955113.93405
477959837130.411
2464877211.289382
2655327954.327818
201617625554.00305
76012499437.73001
177643463.25854
2649901941.3093805
2282000957.9624057
61920796562.90176
5699922870.268391
6355556731.058878
177643462.00295278
75934974918.65155
5911791201.898534
3850235403.258773
100358554091.96373
165239820.8827408
26031652760.810074
557762437602.9272
2469924353.1204724
2655327944.9438605
4721501046824.457
25746024767.315903
32086176112.08285
3445161807682.307
1988081959.3701706
249184664.62702382
47446017910.805984
360013228056.9942
1984019441.0377429
2110705148.6419666
2722899422652.2207
95975865895.44905
264554160.28196797
2106392051.5386138
2023035736.2566483
32442139874.449825
4681415328.486142
3394895747.6249957
141207781.58268774
96049235451.51202
3197666431.6729503
3132098538.285334
47480317661.49241
133004197.18949743
26870806523.191742
648905428640.4581
1988081952.3442726
2110705133.2702699
1861437052.8472292
27172676158.561516
26870807020.03652
648905440638.8055
1988081989.1041718
249184669.23448136
50171224726.077866
374258487811.0714
1984019466.935538
2110705172.297488
1861437087.2654474
90762640249.23668
264554165.17360952
2106392084.585973
1943337275.2145016
27172676660.987904
4503228596.82401
3394895814.200777
141207784.53643113
90828252428.44427
3197666497.7524304
3260549500.342285
50209579570.17399
133004199.6487628
30119407425.36884
1963878283217.5142
1988081975.0523674
2110705164.6116347
4486981182827.118
30453549142.59893
32442140450.357346
3625379082475.6294
1988082001.6881757
133004199.550566
47480318504.355194
366302584249.19904
1984019465.4707415
2110705178.4250052
2584663328986.2354
96049237156.56223
141207784.089385
2106392080.6707852
1987353876.452266
32442140450.357346
4766493468.665388
5051996081.501801
141207783.74659225
66588373086.099266
4758496137.236794
3078994763.655728
77944585124.1274
133004198.92384866
27172676640.926388
682908830527.2357
1988081980.6104743
2110705170.7391582
1766771389.0182552
73252838009.27832
27172677253.12219
682908845913.0559
1988082025.4016247
133004202.54712823
50209580664.3177
381060113761.1232
1984019500.4620738
2110705218.292988
1766771428.8233156
90828254407.73117
141207787.61356524
2106392122.227331
1910388562.8721933
73252839659.65236
4581899006.856057
3394895880.5733433
141207786.92797965
62968805478.04169
3197666560.480282
3203040713.788808
82424992331.67873
133004202.23376936
30453549806.22846
2066609207364.1108
1988082011.3498278
2110705202.921295
4259186231084.565
30453547086.143417
32442140274.13545
3819276043219.568
1988081983.8632462
133004198.20138547
77944584700.74156
372620252187.3374
1984019444.9854913
2110705174.6457539
2456179972871.6494
66588372724.39904
141207782.97956815
2106392059.7889352
1951881169.3679233
32086176507.38302
4852073215.449185
5051996056.890128
141207782.29398257
66537505879.67651
4758496106.214871
3026128998.444192
77888277812.61143
133004197.88802665
73252837611.37752
719499871186.8071
1988081969.8114517
2110705159.2740571
1678800333.4740748
72439042755.0134
73252841176.02602
719499906199.2958
1988082066.5560102
133004204.98702878
82424994037.92096
387901850494.7366
1984019532.9027667
2110705261.985737
1678800415.1682904
62968806781.53025
141207789.85105774
2106392150.4905078
1877587563.4300654
72439046280.0608
4660923703.440552
5051996308.392025
141207789.16547215
62923317219.75583
4758496342.948369
3145869063.653138
82362030780.27945
133004204.04695264
30453547716.548424
2177138195169.798
1988082059.5301068
2110705246.6140351
4047462577831.115
30119403363.95656
37975584134.43219
546511790931.0708
1598799857.1241603
200392344.678058
191349857.39227408
294212825739.5864
1595532807.2299392
1679437077.1481001
2060250914038.2932
94866370030.81297
210499351.82266042
1676005252.6359804
1633023687.7410102
38396884882.61051
3801694217.733969
2701236501.5373526
112355619.4850658
78167267323.14557
2571538160.953697
2545364671.2102904
38987444239.69556
106960927.80390349
31802934973.868107
547154810009.4339
1598799845.480532
1679437064.6125662
1547097204.3263557
2690994726199.6367
31802935101.536808
547154812205.915
1598799851.8987036
200392345.48250672
200544383.84325477
303928663786.57697
1595532809.1658287
1679437071.3544455
1547097210.536974
90516952779.14067
210499352.66768238
1676005251.6656733
1579293227.271575
2690994737002.281
3680163627.588893
2701236510.8301587
112355619.65655717
74581670267.8943
2571538174.1580014
2631962648.002287
40861809503.66753
106960928.49293998
35647815127.8737
1561922018424.7964
1598799846.0768857
1679437065.0866795
1545110304.9707499
36043291630.121346
38396884986.02694
571058013676.4224
1598799855.6084785
106960928.0919872
38987444344.70257
298506102310.047
1595532805.2704406
1679437075.4036536
1969964907423.435
78167267533.67775
112355619.78767931
1676005249.4516473
1608993647.01808
38396884986.02694
3859029728.42322
4019751136.031258
112355619.2285883
54191280930.15668
3826745055.7290916
2509124342.9969296
64002522367.98738
106960927.83233131
2690994733447.4395
571760132487.6748
1598799849.7866654
1679437075.403653
1479215689.9196713
86698380721.2802
2690994705415.3677
571760126531.6539
1598799833.1319797
106960927.23743193
40861809024.03135
308512382838.63
1595532784.1806195
1679437057.9089696
1479215674.5106928
74581669392.4542
112355618.3377262
1676005227.181208
1556807565.6328402
86698379818.14383
3733866038.835821
2701236480.673977
112355618.33772619
51705481696.300476
2571538138.2108645
2593233156.2443304
67079514515.44896
106960926.71812013
36043291207.04496
1632074699052.771
1598799821.4883544
1679437045.3734367
1477399210.2788966
36043291147.13279
38396885403.84702
597230339577.878
1598799878.827818
106960928.99623886
64002523064.43813
302817556689.23065
1595532815.4817448
1679437099.9464056
1885288426846.7932
54191281519.845276
112355620.45119879
1676005262.8777816
1585088033.5890741
37975584649.949554
3916663649.4248285
4019751170.5406585
112355620.1716531
107042077.85265973
3826745099.514034
2473036791.576905
87422844995.40027
106960928.47692703
86698381664.69852
597998325627.5702
1598799867.1841896
1679437087.410873
1415558633.72242
85735214950.00793
86698382157.43832
597998329026.2216
1598799876.2707758
106960929.60413837
67079516325.38749
313119967338.1873
1595532815.611427
1679437096.9557512
1415558641.767577
51705483091.41707
112355621.36930393
1676005265.6670446
1534416739.4189165
85735215437.2737
3787795940.602918
4019751202.6184087
112355620.81021257
102134430.86713625
3826745125.550441
2554704283.34432
91623588883.38469
106960929.08482657
36043292119.652374
1706874837671.2927
1598799864.627144
1679437090.6879802
1413895050.942481
35647815495.4703
45389919765.21897
454940532746.2086
1284691093.9406137
161022193.8329853
156064125.51406616
239158467520.23538
1282065908.1288452
1337461300.6180534
1691699494182.9434
76760612799.84872
167636371.1680762
1334728284.7973835
1313208127.1278348
45893475138.51986
3073183792.2504573
2151196574.669897
89477179.70045206
76787923318.56224
2066320032.6893318
2058906462.7411182
156117529.20483595
85946812.57826951
38012125476.96646
455313200456.3982
1284691084.3515143
1337461295.525078
1269831016.6049922
38439156017.48725
38012125616.30103
455313202125.3622
1284691089.0605876
161022194.42321694
162269408.92759275
245687472215.05212
1282065906.9393709
1337461300.427582
1269831021.2595954
73825239627.8876
167636371.78255227
1334728283.4344025
1277466082.6866026
38439156158.387115
2991515719.8980684
2151196583.8154216
89477179.80128412
73850500816.35512
2066320039.0770822
2116512303.6145036
162327144.2242596
85946812.67947082
42607678190.472694
1300212814880.1702
1284691084.266039
1337461295.3346057
1268710676.9273758
43080367422.430374
45893475233.30594
472180558116.67365
1284691091.7994013
85946812.75577974
156117529.52727327
242046007880.3039
1282065904.887835
1337461303.3803809
1628869759604.7131
76787923477.15614
89477179.88525373
1334728282.0805292
1297239224.589769
45893475233.30594
3111314158.738519
3201228350.2029467
89477179.65810436
86643338.03066656
3074922276.8400993
2034543091.1946511
71326096190.15228
85946812.32810116
38439156096.87755
472582018061.3885
1284691091.7994006
1337461293.19443
1222629388.7955256
103625333159.64357
38439155655.87977
472582012639.6351
1284691077.0606296
85946811.55590546
162327142.1021895
248735823551.08945
1282065886.4986043
1337461277.8502467
1222629374.7687647
73850499850.92238
89477178.63156696
1334728260.5122337
1262349591.584634
103625331970.78963
3027634475.02593
2151196548.1317587
89477178.4044177
83328908.72725756
2066320013.2509005
2090775039.8527372
74163108826.89818
85946811.55590543
43080366859.24941
1349484501445.7
1284691067.471531
1337461272.7572718
1221590745.5936503
43080366836.87099
45893474228.028366
490393778122.26483
1284691068.4533236
85946810.44547184
71326094627.78368
244944470669.51407
1282065873.1241333
1337461274.0838428
1569397233259.2407
86643336.13278012
89477177.6981438
1334728246.5883915
1281341011.369286
45389918864.71763
3149614062.8301644
3201228281.9567595
89477177.24384527
86612518.83091855
3074922202.423166
2010271545.4403653
71301695953.54657
85946810.23163243
103625330889.77356
490826818555.114
1284691058.8642256
1337461268.9908698
1177952764.3921936
102474115874.04399
103625333009.16205
490826828593.70874
1284691085.139263
85946812.41713113
74163109570.04587
251797740932.60788
1282065894.1926682
1337461296.3451855
1177952788.4841747
83328909.56225069
89477179.30101925
1334728267.6313443
1247290126.9162085
102474117969.88734
3063890016.7510715
3201228345.5542192
89477179.07386994
83300404.16750824
3074922272.3747907
2065151796.279371
74136731734.28818
85946811.9894523
43080367268.555626
1401537634373.5735
1284691080.34471
1337461286.159235
1176988626.7944238
42607672223.07007
54699913254.13179
374753680651.7432
1031545033.201725
129293061.40108864
126612968.35966867
193612067529.70078
1029437137.5234194
1065938268.8059006
1376251260684.3032
61847732672.91883
133603883.10990994
1063760092.7195624
1053345175.6601019
55306753621.09821
2476049943.330958
1714474094.7683318
71312082.0613324
61862443079.160324
1659155402.1158214
1659752025.4363916
126642131.79300956
69011148.4064974
45808848679.429085
374963458067.62665
1031545029.2736611
8078846928262.915
1032751545.5778344
46323466442.13369
45808851502.34456
374963481174.3009
1031545092.8413888
129293069.36861879
130744078.7658098
197949268563.53348
1029437196.1365905
8078847426112.1875
1032751609.2199122
59893542094.385345
133603891.34308931
1063760155.1050352
1029807368.3948163
46323469296.76186
2421798329.8160863
1714474201.441755
71312086.45585418
59907336896.62835
1659155505.3312817
1697688361.4821756
130775176.56406997
69011152.48403324
51347004976.2982
1071040106261.7659
1031545088.913324
1065938326.2407854
1032136493.2816808
51916630127.531784
55306756977.44949
386573072954.5378
1031545095.8021736
69011152.59451498
126642139.47842687
195531789473.3813
1029437195.7743677
1065938333.4935406
1333551705145.6462
61862446833.350845
71312086.38898468
1063760154.1075455
1042838441.9239072
55306756977.44949
2501156263.0600724
1714474197.792072
71312086.20495659
69802237.72906043
2469014540.3448477
1643562956.7500188
57859545971.01861
69011152.41932127
46323469253.32429
386796295369.8092
1031545087.9460452
1065938329.3673967
1000690886.2627573
124880041700.04219
46323472670.56815
386796323903.4508
1031545164.04227
69011157.51021683
130775186.08861813
199956411044.24142
1029437266.8904345
1065938408.0007824
1000690960.0828931
59907341259.76767
71312091.64961816
1063760229.4127779
1019762725.8290052
124880050912.33919
2445811202.121758
1714474325.288421
71312091.46559003
67596202.64910915
1659155620.3380446
1680754568.2416077
59747828763.23784
69011157.33502318
51916633908.6962
1104819747602.055
1031545160.1142058
1065938403.8746355
1000113439.8623722
51916633874.98237
55306757865.53386
398950950140.62836
1031545112.3661348
69011153.527463
57859546900.09421
197457789421.75058
1029437207.4798223
1065938350.6097686
1292778734887.088
69802238.84990495
71312087.3500454
1063760168.021329
1032370617.877226
54699917451.99636
2526355898.4020023
2551335172.726803
71312087.16601737
69785639.36785802
2469014581.437312
1627426660.1254034
57846222799.196556
69011153.17707571
124880043705.29468
399188698956.4478
1031545108.4380723
1065938346.4836265
970077916.3437426
123492702001.3285
124880054383.5474
399188733090.3069
1031545196.6435134
69011159.25328068
59747830424.00873
201971013701.85922
1029437290.6803612
1065938437.6299675
970077999.2932422
67596204.5280361
71312093.44780508
1063760255.8139458
1009750823.969897
123492712560.9523
2469902615.069886
2551335392.4059553
71312093.26377684
67580637.56442215
2469014791.111569
1663883494.9101274
59733622710.27829
69011159.07808699
51916635318.074715
1140195542944.3564
1031545188.7873846
1065938433.503823
969535260.1813164
51346992160.89298
66371024760.37397
306243069831.1486
827759254.2954322
103750708.5451785
102318358.34810932
156258726453.57297
826067781.6598065
850099464.048342
1112400652780.4744
49688885239.92457
106550813.1209434
848362339.8334527
843538900.1166276
67107344189.66767
1990286146.6481586
1367315116.1001513
56872301.55181
49696710035.897446
1331382726.1160948
1334743846.7824352
102334053.66055971
55377724.5801201
55582907550.976
306358503935.925
6273665656452.353
850099460.7135813
834589593.9708419
56207349385.06968
55582906683.235146
306358499153.1636
6273665558510.085
103750706.92545886
105040665.89132045
159114584181.65994
826067766.3038133
850099447.4421269
834589580.941522
48401111740.99931
106550811.4575095
848362324.0291585
828153200.5673151
56207348507.58026
1954563568.13931
1367315095.5792913
56872300.66393964
48408536174.619545
1331382706.1238842
1359541103.6756997
105057207.8952667
55377723.71558256
62302714441.338
875237798338.0319
827759234.9643959
850099444.1073639
834258447.9052775
62993913714.51111
67107343117.34519
314198862494.2259
827759241.068493
55377723.6952277
102334052.02534218
157523670140.06943
826067766.000181
850099447.1296636
1083884155799.1112
49696709241.78318
56872300.643035434
848362323.7173316
836676418.7354105
67107343117.34519
2006694778.5634024
2034722386.8415358
56872300.49430333
56075077.941566356
1331382704.0487788
1324081723.9285302
46753804128.114944
55377723.55231985
56207348486.920525
314320376660.4232
827759237.8643173
850099447.1296618
813186536.0674968
151525293023.86914
56207346397.75584
314320364977.4841
827759207.097426
55377721.63689929
105057203.95179188
160426378788.63956
826067732.8364463
850099415.5324098
813186505.8422567
48408534357.53487
56872298.52915526
848362291.1606631
821537772.4819336
151525287391.84238
1970386084.7717776
1367315043.4299521
56872298.52915526
54621571.10257279
1331382655.3556333
1348480745.3474014
47997942389.681816
55377721.49399142
62993911349.94311
897975310787.0942
827759203.8932484
850099412.1976482
812872135.6126802
62993897510.96449
67107343190.83468
322465286229.3704
827759241.9749736
55377723.61296419
46753804179.3152
158792121852.07278
826067764.4450973
850099451.3953693
1056439236086.8292
56075078.002974376
56872300.55658439
848362323.1104002
829834945.0304395
66371023772.500435
2023153790.3376184
2034722387.8417983
56872300.40785233
56066248.461533405
1981250855.0727367
1313449088.440229
46746633437.56561
55377723.47005639
151525293189.80502
322593279769.4966
827759238.7707993
850099448.0606086
792588158.8528011
149841938233.6328
151525292674.18756
322593278671.76086
827759235.9540608
55377723.424522266
47997944062.9451
161742209816.76596
826067759.1743999
850099445.1678498
792588156.1557444
54621573.006743364
56872300.51178878
848362318.175585
814940685.5744251
149841937723.74353
1986252586.481787
1367315092.7464871
56872300.363056615
54613195.231304385
1981250849.5107248
1337454317.5230272
47990386642.58928
55377723.281614326
62993899707.00396
921600648670.6543
827759232.7498851
850099441.833087
792289502.2838348
62302713974.57888
80986858872.57614
248781295062.09045
663873957.4736738
83209451.32911652
82450810.6398439
125824930418.3532
662517373.2433181
678344591.8040173
895245221877.4232
39845120709.502304
85023189.732123
676958439.7883888
674865541.9179808
81885326415.8455
1597246866.9269857
1091061523.04791
40219732085.286
39849243876.88243
1067786695.1194364
1071567967.9575654
82459162.67643367
44413673.33892263
67823046631.2819
248843719210.1778
663873954.8694364
678344591.8040171
671575830.4685887
68584984570.31244
67823048329.64986
248843725441.51392
663873971.4936123
83209453.41277795
84231275.50122303
127692835264.82169
662517387.8343571
678344608.7905545
671575847.2856286
39002883994.39926
85023191.86120254
676958454.6753293
664863508.6169602
68584986287.76021
1573882243.5971768
1091061552.366159
45381771.05041895
39006834685.49908
1067786722.5024735
1087688405.2517254
84239991.95333913
44413674.451092705
76022652432.71445
711012990610.4482
663873968.8893732
678344606.100706
671400106.0324451
76866026392.53746
81885328431.6416
254064114018.9293
663873971.2122258
44413674.4322676
82459164.70635606
126652789049.35303
662517387.553544
678344611.1928809
876438780065.0199
39849244857.86344
40219733075.387436
676958455.6273272
670407298.7004186
81885328431.6416
1607912920.268213
1623625287.9939735
45381771.03118354
44963731.93677412
1588989659.7719762
1064593296.835156
37673477764.31651
44413674.31611722
68584986258.68996
254129215394.3291
663873971.2122245
678344605.813185
657464402.977598
184893213805.40677
68584989357.81457
254129226877.57272
663874001.2104541
44413676.43917205
84239995.724155
128545542097.76306
662517416.6908077
678344636.4652938
657464432.6862009
39006836431.55327
45381773.08183299
676958484.1519141
660536026.8748509
184893222160.10858
1584237545.1038804
1091061597.2115023
45381772.961864345
44013203.8484603
1067786769.6551561
1080503029.3173122
38487093885.70836
44413676.43917205
76866029833.27417
726111217936.7975
663873998.6062157
678344636.4652926
657295998.4227206
76866050551.49626
81885332183.95168
259515787435.7609
663874004.2377968
44413676.351327695
37673479490.66448
127482562345.30205
662517416.7132146
678344639.5874702
858214828758.1213
44963733.997190416
45381773.11075604
676958484.5833585
665960209.5293887
80986864577.39311
1618605726.8090386
1623625364.375894
45381772.99078741
44959081.17379656
1588989731.6268094
1057634718.829959
37669663651.31941
44413676.235177346
184893222277.94617
259583713040.87524
663874001.6335592
678344639.5874687
643790194.6658052
182839170309.61606
184893226162.64557
259583718494.85938
663874015.5818852
44413677.400631756
38487094718.87041
129400381583.2299
662517429.0337046
678344653.83983
643790208.1921604
44013204.80125064
45381773.944281235
676958495.502778
656218495.5475788
182839174151.15878
1594616735.2330077
1623625396.508099
45381773.824312665
44008746.60694129
1067786794.0592532
1073335587.6721703
38483112196.120186
44413677.28448132
76866052215.47943
741691993583.3872
663874012.9776459
678344648.460134
643628707.5193449
76022637139.09035
99278199241.9904
201235021277.02945
532193378.1499672
66704708.95078221
66305742.07290421
101148974486.46153
531105876.4100847
541545105.3848572
718469888537.4198
31913353754.332195
67876847.1645492
540438494.5074596
539628963.1826248
100379590667.60248
1280427339.599352
871030791.8403388
67876847.1645492
31915511309.405098
855989307.9947699
859288255.0580789
66310148.13711458
31554279853.297737
83141265320.7825
201268336168.69934
532193378.149967
541545105.3848572
538917600.0842582
7034967217699.779
83141267760.0834
201268342073.75784
532193393.76411223
66704710.907847166
67463781.15907514
102364513549.41782
531105890.3723228
541545121.2733749
538917615.895687
31365551863.93301
67876849.15600379
540438510.3635103
533152749.5484453
7034967424100.316
1265222833.7123463
871030817.3957137
67876849.15600379
31367635899.229786
855989334.6754229
869726089.8349717
67468342.51726727
35604143.43590004
93192799086.50133
575126496646.4661
532193391.65379894
541545121.2733749
538825290.2437519
94226646675.05836
100379593554.30382
204708240263.33856
532193395.56501764
31554280760.731026
66310150.04405196
101687982343.01451
531105891.0355483
541545120.9585308
706177025663.2546
31915512227.226627
67876849.11654149
540438510.0493095
536743885.97789776
100379593554.30382
1287332980.6561708
871030816.8893129
67876849.11654149
36011737.459861204
1273810745.873308
854748994.6686106
30295407091.29012
35604143.41520046
7034967420010.32
585151410290.3765
532193391.34439206
541545120.9585308
529695280.65815353
226652376273.8303
7034968833306.079
585151527844.8663
532193498.2598357
35604150.56792512
67468356.03215247
102916607101.43285
531105996.1125165
541545229.7526982
529695387.0717372
31367642182.621105
67876862.75271878
540438618.6211634
530336413.8486085
226652421807.35205
1271965231.5253932
871030991.8757892
67876862.75271878
35393550.30278918
855989503.0093032
865076326.7376454
30824561705.631493
35604150.473804034
94226665550.01904
585053001318.5159
532193498.25983477
541545229.7526982
529606189.10748005
94226600980.70297
100379599327.83798
208271741941.16245
532193424.06487846
35604145.46304435
30295408833.791374
102228018975.81546
531105919.96317065
541545152.1065874
694195606694.6566
36011739.531148694
67876853.02061494
540438541.1337172
533864673.0316327
99278207807.20352
1294252696.1149852
871030866.9884018
67876853.02061494
36009304.72209286
1273810820.693266
850218380.983224
30293395815.869514
35604145.36892329
226652389310.19745
595339306318.9318
532193424.06487733
541545152.1065874
520706665.72189933
224134341819.09393
226652454040.71414
595339476344.1454
532193576.05601853
35604155.5372464
30824566089.344894
103469816668.98668
531106069.05172545
541545306.7685242
520706814.4324936
35393555.336281046
67876872.40582319
540438695.4796127
527525396.122909
224134405830.47186
1278720390.9976633
871031115.7494153
67876872.40582319
35391203.30449407
1273811182.931564
860435941.9419258
30822482156.432743
35604155.44312536
94226614381.134
595237483837.6584
532193571.83539164
541545306.7685242
520620613.6806003
93192702817.21101
