429667534397.9441
98921525404.64583
355021522085.09436
48890916746.907486
261584115789.8335
40767512422.58619
165780031346.31287
255448212609.8624
159494976999.81268
316266938361.225
35178423037.8135
119283547844.04703
155126925749.09924
-410136257821.2123
73524456459.22299
117320890715.98265
35178428851.15796
-316496474253.1416
163052388576.82056
114964348764.93579
-265735498782.17294
48890916746.90647
322509728369.82074
-11779479889.773916
355021522085.0946
255448324476.17575
93499534160.37674
-529163218208.088
322509693781.07556
-11779463005.925156
355021468496.5027
48890920107.791466
316266945535.28595
73524455685.77412
163052360366.6958
255448284628.29727
93499543058.16034
261584084892.19193
35178425458.832016
117320928157.3616
114964346320.19235
-529163240303.7426
40767516855.25832
119283548220.17566
35178419756.07721
-265735473446.81738
165780030721.26013
155126924072.98828
-316496477563.619
48890920107.79164
429667539862.12427
98921511985.03152
355021468496.5018
255448395205.26648
159494963907.92877
-410136214976.6049
8551830931.345976
129329862663.27533
350904037893.1515
49428627904.23714
-2420729684.361287
78496888764.84235
163639514383.22943
252485563849.2725
129329868383.56525
-462750013.3576865
35565328127.38922
117743354449.31366
114815343146.61617
8551848832.084765
114815344537.74876
117743351373.31561
35565334549.00475
-462731329.7608795
163639517949.28342
78496887302.50058
-2420728206.6124573
49428627904.23728
-102941796139.48566
41139660803.084526
350904037893.1512
252485564742.2336
41139651059.7478
-102941776559.68904
-102941808686.88667
41139647478.38385
350904034162.9534
49428636727.8981
-462754678.774371
114815347490.572
163639523357.4871
252485562058.2456
41139658349.377
-2420746292.2643113
35565321747.638824
117743338154.2087
78496883969.32553
-102941765004.36421
78496886735.54593
117743347772.49554
35565315130.74501
-2420710572.097988
163639518582.77902
114815341678.44865
-462724454.2402916
49428636727.89824
8551824713.929703
129329879142.1437
350904034162.95337
252485562653.54868
129329858395.6999
8551866873.095192
-410136248435.8126
159494936233.2358
355021573751.7458
48890908731.95989
-265735519358.2837
114964356539.92668
163052427039.67734
255448249815.621
98921526612.54968
-316496463306.1269
35178430824.01338
117320832353.307
73524454967.6693
429667573093.33325
155126918608.3128
119283571790.36237
35178437279.52169
316266933587.0655
165780015537.95328
40767509546.50055
261584133697.9922
48890908731.96038
-529163253438.96735
93499579718.27821
355021573751.74713
255448138852.74197
-11779484530.481247
322509727372.7593
-529163230859.592
93499503328.7774
355021620031.26874
48890923387.41554
-316496519720.3238
155126933365.17734
165780118730.88452
255448173441.5294
-11779448622.624704
-265735470385.06558
35178414402.73339
119283415431.79004
40767513976.910995
322509767366.61273
114964339402.87166
117320910296.81989
35178407629.70723
261584092738.3778
163052372360.0789
73524445833.55287
316266989887.5355
48890923387.41693
-410136260322.7033
159495015380.05487
355021620031.2674
255448064370.29718
98921489809.6084
429667552253.8193
341817793287.6997
79652488985.46242
280188554492.7745
37573458860.377686
201519290971.30237
35703135214.86752
129196005066.62474
205727685531.82516
127175918094.94667
244241999499.77026
27588210176.658165
94861840256.54364
120897130354.76756
-322690833060.4921
60395970057.26217
93369739457.96951
27588217689.828114
-236743458273.23087
127163887805.849
90490994120.44704
-198279414167.97632
37573464598.38218
265136375955.9804
158665175.39224434
280188676164.55206
205727844633.22327
82952199961.97418
-408667709438.2857
265136268882.30246
158675382.28603268
280188521554.44196
37573467007.37755
244241988549.1813
60395974603.8713
127163869247.13037
205727730381.07693
82952224635.90987
201519219291.18106
27588216148.81359
93369761076.3395
90490988294.6675
-408667712234.4529
35703141254.68899
94861841522.36621
27588209088.718597
-198279349650.34836
129196006032.86221
120897125102.69077
-236743441373.30075
37573461387.487885
341817786906.503
79652490900.38786
280188641901.3704
205727882068.19748
127175880784.43678
-322690721880.04474
8645768184.52132
103500507124.41486
276967823268.9058
38007436898.61933
1338754134.2661128
63602195895.54278
127553087004.28241
203362872505.58377
103500524582.94199
3475973520.566764
27906861019.87417
93655513284.20355
91042310661.20897
8645832409.98833
91042315739.43692
93655512990.25067
27906869051.888287
3476033751.8274384
127553090638.68767
63602190439.856445
1338770464.491066
38007443258.16359
-71422863123.39954
41697532140.01207
276967824248.4426
203362873624.7127
41697502596.10001
-71422797342.47554
-71422933595.099
41697494373.97752
276967820588.4318
38007448796.47628
3475953216.9356823
91042328001.88838
127553091488.9797
203362870937.34995
41697510821.30847
1338695502.5358064
27906862828.225227
93655504599.83675
63602179403.143555
-71422758657.05695
63602192625.70615
93655510999.70906
27906854665.67161
1338829062.2898178
127553091150.6193
91042310613.04729
3476056483.2985916
38007442254.718025
8645734020.464752
103500556209.16959
276967821241.4317
203362871776.66785
103500504181.59964
8645906343.85144
-322690864367.807
127175857707.3447
280188709964.1584
37573452866.425934
-198279449813.5422
90491008920.74023
127163910557.0968
205727799577.10205
79652479154.58293
-236743497506.20737
27588213096.37742
93369703191.41066
60395959867.76871
341817899207.94995
120897124309.00941
94861855214.46033
27588221765.631268
244242044752.6287
129195998104.92729
35703132968.29252
201519321740.4217
37573459264.25524
-408667809665.6411
82952274660.09236
280188589283.2926
205727641890.10626
158663288.99179077
265136410329.83978
-408667837371.9754
82952170404.72961
280188736738.8761
37573468098.07677
-236743562193.69928
120897150430.20613
129196055961.14728
205727751456.65222
158671015.59657684
-198279459100.93005
27588210026.13671
94861763948.57819
35703122754.35586
265136490753.26
90490990314.94122
93369749754.58133
27588201621.50533
201519338723.28198
127163880494.9288
60395959032.109505
244242107605.68246
37573461378.49128
-322690921790.1295
127175972228.49298
280188618043.4615
205727601466.9297
79652459987.70764
341817924549.2284
270122334297.34
64153088076.17184
220195755913.48718
28254231458.674545
152981640458.05795
31359790703.38325
100110525123.14204
165283179267.83875
101009696749.25464
186151410622.27402
21208170802.640026
75144905125.07251
93976104429.26384
-250888218955.7279
49814928230.60685
74025944180.60316
21208177755.8989
-172316911650.0406
98619828221.94902
71174808168.87166
-143590762799.88635
28254238209.12261
218872889122.36145
9774977524.422003
220195923840.60272
165283349825.88504
75159709988.05519
-309322282707.5986
218872752689.7002
9774989782.801674
220195735327.2432
28254239962.63972
186151395394.54684
49814933853.52586
98619814066.2825
165283207626.00238
75159746292.96779
152981556593.08762
21208177191.71554
74025958586.20372
71174802101.85646
-309322280071.8499
31359797298.271675
75144906807.66968
21208170583.53483
-143590686935.89124
100110526799.72739
93976097768.9143
-172316889373.23108
28254233643.43395
270122325631.9607
64153091091.246284
220195895511.61603
165283376453.10443
101009644786.9925
-250888080082.18268
8924040250.767597
82644994646.42455
217695550311.85495
28607919809.188866
4469806543.319982
51669664160.10267
98854291064.18352
163406476552.86832
82645015468.78398
6707182057.334095
21473658112.54525
74201939680.03166
72212472226.87271
8924120832.498789
72212478214.41798
74201940466.43501
21473665804.056656
6707253494.462719
98854294597.7892
51669657743.81496
4469826963.921448
28607927112.54134
-44909508492.94546
42497831809.60313
217695551509.84918
163406477850.27072
42497795988.20292
-44909426344.84371
-44909594954.24579
42497789546.32092
217695547838.41736
28607930996.49974
6707158569.283866
72212492761.99236
98854293398.29578
163406475094.41104
42497806680.56069
4469737124.69366
21473662334.58956
74201934390.51051
51669644914.98162
-44909375753.518585
51669660472.55888
74201939351.24556
21473655025.754658
4469895632.056358
98854294875.08041
72212472895.35513
6707280015.542576
28607923592.55738
8923993754.62069
82645050810.03186
217695548736.8638
163406476132.28787
82644989418.72089
8924209761.115753
-250888260385.8592
101009629962.19962
220195944857.46497
28254226680.201485
-143590802580.37054
71174824850.10547
98619842717.14076
165283321161.05103
64153072818.384155
-172316965879.23422
21208171628.76057
74025919640.5674
49814915286.9857
270122467714.78702
93976098613.2498
75144917480.09476
21208179501.422626
186151470107.9671
100110520857.1725
31359789356.691376
152981674956.34875
28254234602.531693
-309322410556.0058
75159794142.85608
220195778460.364
165283157653.32645
9774978434.64373
218872931569.47937
-309322445209.3771
75159683984.6846
220195960635.16064
28254240222.83395
-172317028728.4009
93976127791.54561
100110558723.62454
165283294165.23602
9774974939.013596
-143590830413.63538
21208173131.09673
75144854713.182
31359774315.99938
218873032983.7688
71174806073.29794
74025953323.21002
21208165170.6005
152981709216.42194
98619822605.78122
49814918138.88319
186151531601.58817
28254232540.769936
-250888344674.4286
101009753335.94531
220195802283.66577
165283122460.4882
64153060786.60987
270122501451.7738
210759883375.68576
51611887430.98596
172043584727.43607
20491112105.22504
113676704810.83664
27660108958.502167
77024508245.34245
132209278784.19373
79711402432.36905
139182759677.7291
15746679309.662724
59190566939.20191
72971398592.64012
-190981641042.06436
41322313629.04061
58366551226.34718
15746684600.577538
-120145916851.53256
75952238557.29437
56060805909.58838
-99160092502.46184
20491117314.986023
181295158880.71448
17589895267.658184
172043757863.91116
132209457300.86166
69584219418.21216
-225870622118.3992
181295018525.11917
17589912489.77323
172043572129.16873
20491118430.699825
139182745514.98904
41322318578.25299
75952230302.43428
132209314353.82828
69584264125.47823
113676626534.22559
15746684170.560505
58366557567.65228
56060801119.85807
-225870618451.08902
27660115137.128635
59190568644.819244
15746680481.22086
-99160022178.23355
77024510273.8005
72971391649.61592
-120145895270.88374
20491113560.721157
210759876255.04868
51611885794.8657
172043743536.3584
132209446944.8263
79711341745.97998
-190981498788.7824
9364311710.92556
65714284221.48425
170123164821.42978
20782358407.58436
7083239332.802585
42176271956.25273
76067683700.22626
130733505917.23082
65714306062.400604
9363400994.512676
15970493121.178787
58455268005.44589
57395948935.90357
9364387260.047209
57395954300.84713
58455269757.625465
15970497733.988815
9363466391.994799
76067686386.32034
42176266241.714195
7083256208.74612
20782364359.492023
-21988455099.793533
43525022885.19348
170123166172.155
130733506864.48737
43524986850.42581
-21988378566.62838
-21988540215.91534
43524983618.99942
170123163117.40286
20782366348.789192
9363381358.171179
57395968394.67495
76067683919.06117
130733504517.0204
43525002041.776505
7083171500.172022
15970497652.887959
58455265704.70505
42176254087.49862
-21988322164.67862
42176268339.68349
58455269213.042656
15970491701.76938
7083322676.456593
76067687038.15555
57395950253.6893
9363489325.080753
20782360723.35693
9364258527.114235
65714337916.722305
170123164197.92242
130733505464.20851
65714274881.87668
9364473432.328476
-190981671573.30362
79711335947.4307
172043779269.02283
20491108677.26388
-99160127898.02078
56060822133.168755
75952249101.03203
132209428282.37405
51611862238.03939
-120145972460.39842
15746678343.978777
58366533256.5809
41322299565.36926
210760027024.73718
72971393078.57785
59190569097.40136
15746684800.849258
139182821020.98517
77024511787.63716
27660109150.690994
113676734422.40643
20491114863.78592
-225870763610.7248
69584304384.40651
172043613333.88617
132209251681.58368
17589905274.966934
181295195040.51465
-225870793658.8894
69584204086.47452
172043803458.0868
20491117921.018696
-120146031891.29268
72971421422.96883
77024536005.80002
132209398386.42102
17589890768.23113
-99160163009.18452
15746682056.47952
59190526715.80029
27660092398.50133
181295318474.06726
56060805136.18768
58366552438.8726
15746675606.01325
113676775613.71606
75952239542.61143
41322304464.026764
139182879175.50677
20491111743.618874
-190981778699.0864
79711450709.50282
172043629174.71582
132209223780.43181
51611859708.9343
210760054445.83795
160472241760.2398
41371351853.62113
133325638876.46942
13939471240.385191
81862077941.0867
24583524379.202927
58702536942.26084
104992205277.94582
62281402739.0657
101180931201.90778
10977152154.605728
46227489457.046814
56794305041.48154
-139841051213.34445
34578309924.90919
45638178973.08633
10977154029.541918
-77884090362.50447
57954201131.829765
44413698748.850426
-63094889326.30211
13939473353.216906
150410051084.52808
24037003343.38404
133325810554.7215
104992357626.02263
65764380751.23189
-153821751914.85928
150409923914.75632
24037026778.722404
133325651595.94012
13939473925.142483
101180922232.00026
34578313299.76765
57954195020.96771
104992232272.86282
65764428868.38385
81862013294.63759
10977154268.81752
45638182765.83504
44413695548.70563
-153821746667.2475
24583529917.188957
46227491021.11311
10977153096.390104
-63094832117.86796
58702538775.42576
56794298734.01262
-77884074206.49814
13939472603.956123
160472235123.40372
41371342665.550644
133325779062.00267
104992345386.83156
62281339938.27988
-139840923531.00427
6130403640.551481
57136760450.58427
6130403645.347275
6130403640.551489
6130403640.551495
38480007031.32721
6130403640.551476
6130403640.551468
57136596976.83348
7546191327.722155
6130403630.091602
106021919690.40958
50751578357.57295
6130403640.551493
50751637934.407875
6130403640.551491
44234682524.737816
7546763060.574591
84793657999.69556
38480022198.42583
6130403640.551483
6130403632.454992
6130403640.551498
34247678933.61046
414171849767.1515
6130403640.551483
34247839470.659435
6130403640.551483
6130403995.182829
34247458134.248535
6130403995.182739
36137028019.28504
7545804031.002163
50751693201.01288
84793635947.23184
6130403995.182785
34248034783.215424
6130403995.182785
6130403995.18279
6130403995.182777
38480033261.617836
6130403995.182759
38479979738.94743
6130403995.182793
6130403995.182817
6130403995.1828375
84793694471.91098
50751535875.252914
7547154602.774439
6130403995.182797
6130403995.1828
57136987897.75227
6130403995.182877
524286829612.1548
57136396108.07065
6130403970.975424
-139841071103.36957
62281338801.08151
133325820023.8068
13939468646.240437
-63094920232.22048
44413713508.95839
57954205957.79521
104992347929.11719
41371323316.137535
-77884141745.22797
10977150701.11945
45638169363.891335
34578296614.539955
160472386442.3159
56794299988.03295
46227494115.67824
10977153609.82966
101180987354.16212
58702538225.80557
24583525349.648796
81862103001.96747
13939471924.012556
-153821893843.4003
65764462708.36879
133325650277.5923
104992197295.53217
24037017153.080715
150410072741.59036
-153821908783.92444
65764380293.02429
133325826415.80382
13939473312.83466
-77884187582.81288
56794324866.6298
58702548155.12595
104992336177.2536
24036998367.796818
-63094955457.385956
10977153210.923952
46227472353.016685
24583509031.850666
150410204560.27087
44413699232.31504
45638182127.030136
10977150421.746384
81862143014.1064
57954200495.26272
34578302947.898056
101181032501.81079
13939470024.147827
-139841194276.75818
62281435776.48014
133325658664.26637
104992187099.45258
41371324932.02341
160472400162.14728
116438972074.03003
32921829584.39795
102109175098.85844
8339253521.710128
56295473382.356895
22151170318.483154
44103303470.892784
82431990163.42221
47985645042.63198
70589876411.9016
6732218378.952515
35604277891.94757
44603819176.0799
-94872882934.35211
29338059295.484726
35208532658.92912
6732216043.1352215
-43824766043.31188
43613094992.137665
35671358743.68332
-34034918490.23903
8339250922.009181
124600801966.07452
29478346783.001396
102109309898.25642
82432111279.96439
63295677395.71842
-89295614272.09619
124600696346.7113
29478375894.432686
102109185443.46594
8339251791.162299
70589874933.00961
29338061047.230747
43613090121.18384
82432010668.02342
63295727213.385056
56295425356.0433
6732216981.893799
35208535330.0669
35671356968.086914
-89295606957.30925
22151175189.205475
35604279236.5972
6732218920.137862
-34034877222.797394
44103305014.72604
44603813841.29365
-43824757820.5265
8339253948.3744335
116438963700.00266
32921813118.14959
102109285403.50316
82432100481.58559
47985582189.441666
-94872776826.96254
10488378827.839745
40514284034.20491
101033409324.71486
8537907698.918622
11050351385.0498
29080523441.409405
43571252630.43874
81563532674.62169
40514302855.55799
13321898995.710573
6892590274.855955
35174753601.07767
37104546685.59828
10488420982.830624
37104549981.87288
35174755141.227745
6892589040.287214
13321939902.640432
43571254584.14794
29080520102.803577
11050355956.530392
8537906324.877353
17941045801.3057
46170335754.70323
101033410149.659
81563533415.82956
46170306932.39339
17941088480.200287
17940996706.349167
46170318941.90828
101033408195.388
8537906413.409558
13321895498.337175
37104559233.79002
43571251759.62928
81563531838.1563
46170330206.766396
11050309163.955582
6892589539.36716
35174753289.381516
29080512101.93075
17941149362.735973
29080520921.30944
35174755298.79877
6892591282.901123
11050396140.783585
43571254587.71949
37104548448.26872
13321947394.262741
8537908353.915573
10488319703.796486
40514312944.089966
101033409020.25969
81563532393.99207
40514266479.24329
10488470566.594173
-94872881959.5478
47985588096.97879
102109316784.95262
8339251700.788466
-34034940762.572956
35671371160.61227
43613098621.039246
82432104545.56932
32921802731.82778
-43824805168.931046
6732216670.17494
35208525297.26354
29338047862.492054
116439093657.67667
44603814424.43572
35604281459.86609
6732215254.510522
70589919307.22565
44103304949.015816
22151172047.059692
56295490642.6646
8339250125.192424
-89295733298.84811
63295750060.99109
102109183652.97134
82431984927.19368
29478361238.423637
124600802771.95892
-89295731518.01923
63295690870.99098
102109313889.49847
8339250470.078676
-43824831800.75368
44603833887.6212
44103306455.80623
82432090206.67487
29478348605.870064
-34034967248.72536
6732216285.735046
35604272107.6267
22151158555.89993
124600929065.11887
35671359538.69025
35208535111.934044
6732217188.85324
56295519992.96951
43613094535.91577
29338054593.69086
70589946524.88799
8339252136.498777
-94873001089.22458
47985659473.03144
102109182297.90479
82432002078.48479
32921800750.779564
116439087296.35477
76230438170.32776
25921873691.522278
76836691575.543
3497709071.368555
36181872569.08464
20400846109.16565
32333758596.88054
63575598574.34657
36350603002.52751
46398961755.4285
2894046363.8950057
26753335707.021656
35751275687.75003
-54002929505.57036
25425851890.068634
26532047276.475945
2894040577.7387547
-16810440114.65807
32066308125.979103
29393716678.547417
-11050960734.896027
3497700731.866884
102628810267.07925
34203160587.2986
76836783588.7036
63575661658.7689
61818901060.07681
-28955880636.346443
102628737137.15271
34203184900.560066
76836704244.31348
3497702473.0553355
46398966364.17313
25425852957.535538
32066308266.606773
63575595897.84072
61818945783.028435
36181845782.57336
2894040904.3715405
26532044689.034153
29393715852.76314
-28955863794.298763
20400849488.148674
26753336842.110283
2894046622.622079
-11050938837.25854
32333759873.105206
35751272082.70957
-16810439508.63948
3497708876.485302
76230422855.35098
25921859861.87004
76836772253.2533
63575657754.21923
36350547522.254585
-54002857212.47
10918563440.834301
31208838505.749786
76066680161.22758
3656594223.7619658
12530843963.025824
24999992575.060364
31970528635.923862
62938481925.012726
31208854323.82535
14774514070.525894
3025510957.727613
26452798598.764137
30670974457.99439
10918586170.99111
30670977308.695587
26452799961.587036
3025505735.866589
14774545404.43888
31970529915.153065
24999990065.205776
12530846077.207829
3656588488.606843
37120044937.504745
47719242249.405754
76066680852.4873
62938482396.5986
47719217894.58
37120068078.02887
37120018812.57971
47719238768.95302
76066679818.81021
3656588064.4799705
14774520577.445116
30670984047.564533
31970528001.385426
62938481541.31815
47719243909.84294
12530817500.459633
3025505215.153453
26452798743.80691
24999984136.94956
37120131644.24775
24999990812.377003
26452799757.46291
3025512217.949167
12530870178.309313
31970530538.260735
30670976417.225174
14774542990.110474
3656595763.0590553
10918500362.075638
31208852783.523926
76066680337.18835
62938482170.04583
31208816757.478333
10918612144.989368
-54002910222.55531
36350564086.59718
76836783150.81494
3497707887.0595613
-11050972698.553507
29393725714.123222
32066307351.983185
63575674344.82312
25921856750.59722
-16810472612.370832
2894046015.59959
26532046681.22652
25425842674.815876
76230523167.2923
35751272771.7252
26753338230.153587
2894039242.876806
46398995702.0497
32333759878.097862
20400848110.33046
36181881201.57303
3497700441.4131637
-28955964743.66951
61818952972.43022
76836692534.14383
63575591917.92002
34203167927.309044
102628791316.4909
-28955941409.065907
61818926371.88057
76836769009.02701
3497701839.3118563
-16810474396.310242
35751286082.9487
32333757160.84606
63575655304.58814
34203169899.74641
-11050991440.001432
2894041452.9095902
26753336352.019413
20400837888.330784
102628899532.93462
29393717473.044556
26532049363.550274
2894044761.753605
36181900257.749435
32066308286.863438
25425849099.830254
46399000125.71675
3497707237.2041016
-54003018104.51005
36350599998.51641
76836702571.07507
63575615013.62443
25921843231.44879
76230499079.77856
5212845573.183823
32675544460.090065
5212845573.183815
5212845573.183888
5212845573.183855
31101068451.634182
18643618829.736076
221975735557.16846
35539117225.609535
7354720710.724628
5212845573.183665
5212845573.183832
41321435430.13482
5212845573.183828
36349394440.36876
5212845573.183851
5212845573.183819
5212845573.183809
18721009880.75331
35288090847.98642
5212845573.183805
5212845573.1839905
128948777603.10739
12920739204.700924
5212845573.183876
5212845573.183838
42290651010.52231
9310641183.811115
128948774850.11401
12920759244.67675
5212845222.19561
5212845222.195614
7354727121.350391
36349393199.54102
5212845222.195576
221975733000.13428
42290678207.507
5212845222.195572
5212845222.195522
21154591269.362553
35288089165.13934
9310644293.348255
31101068772.919796
5212845222.412111
5212845222.195564
5212845221.982811
18643622063.277824
41321432796.48842
5212845222.195575
5212845222.195563
5212845222.19556
32675531870.369778
5212845222.195549
5212845222.195564
35539084814.69571
5212845222.423664
5295442552.219477
33740177441.548073
5295442552.219704
5295442552.219486
5295442552.21967
33175003293.615112
18352614977.555393
5295442552.219635
34449279167.99039
7472860989.264775
5295442552.219644
5295442552.219646
38863200263.20757
5295442552.21965
38689402871.927
5295442552.219635
5295442552.219637
5295442552.219559
18431235813.12819
33113794323.853497
5295442552.219603
5295442552.219639
68731457034.87936
27838748958.67199
5295442552.2196045
219533432334.76855
27073719201.942486
69539552057.98744
69539500323.00954
27073810286.969242
186829030776.76825
5295440672.923155
5295440657.583771
38863196667.22801
5295440657.58378
5295440657.583977
27838807441.929436
5295440657.583785
5295440657.583782
20704955661.578857
33174998928.039997
68731508176.2117
33113795435.016155
20797739897.243977
5295440657.583781
5295440657.727842
5295440657.420914
38689393597.84107
7472881496.046909
5295440657.583784
5295440657.583789
34449208298.56639
5295440657.583832
5295440657.5837555
33740105795.588097
5295440657.583792
5212846802.716038
35539155046.54285
188885895292.05838
5212846802.716129
5212846802.716149
35288093520.11422
5212846802.716129
5212846802.71611
32675606602.34397
5212846802.716118
5212846862.717146
21154582860.2134
36349399182.03741
5212846802.716122
41321440886.61862
5212846802.716114
5212846802.7161
7354705890.608604
18643615669.865414
31101068098.853596
5212846802.7161255
5212846802.716116
9310696288.13153
42290613886.338646
5212846802.7161255
5212846802.7161255
12920674881.89848
128948719688.55539
9310564510.552586
42290721818.0885
5212843243.188965
5212843243.189003
5212843243.188894
41321434809.978424
18643623802.06945
5212843243.188957
12920827597.348297
5212843243.188986
5212843243.188976
5212843243.188988
31101067254.421745
128948851234.11754
35288089496.97655
5212843243.18898
5212843243.024364
5212843243.188976
18721022376.74965
36349382300.80545
7354741252.505524
5212843243.18898
5212843243.188934
35539068242.84163
5212843243.18898
221975744116.83755
32675443023.84639
5212843243.18898
29474201753.813164
3051086210.0216446
141297857142.04672
3051086210.0216665
4546746132.37068
33639194790.325474
3051086210.021658
3051086210.0216713
9774074502.442936
11475701588.617165
3051086210.0216665
3051086210.021673
38405535716.6059
3051086210.021656
33987807874.921837
3051086210.0216503
3051086210.0216355
3696904363.9958267
3051086210.0216637
37147066030.54983
3051086210.0216904
3051086223.6902046
40780365946.83591
41862644093.69225
3051086210.0216827
3051086210.0216675
59411237393.70777
116786949274.70345
68957514146.21109
41696443686.197876
3051086222.504303
3051086222.5042696
4900499749.686506
34161363827.36136
3051086222.4611683
162576628599.86566
63277897043.86078
4296015423.800342
3051086212.1889906
3051086222.6085644
37298766368.8906
87007826918.919
33813296936.1463
3051086222.5043144
3051086222.5042815
3051086222.504301
3051086222.5042973
37953490296.38375
10475525280.009901
3051086222.504298
3051086222.5042753
3051086222.5043125
3051086222.504265
3051086222.504299
6026302626.688038
31123488528.44961
31616067763.92292
3051086122.2174683
3051086122.21743
3051086122.2174654
4558906776.197556
35395864917.20068
3051086122.2174435
3051086122.217457
5178852390.11096
12057321868.423943
3051086122.217446
3051086122.2174625
36061251402.64775
3051086122.218071
35662691554.4157
3051086122.217455
3051086125.24797
3696910508.850601
3051086122.2174644
35466009186.6537
3051086122.2174625
3051086122.2174463
62386708958.04805
53849237521.57189
3051086122.2174683
161170106176.2163
51512998779.466255
93545609204.57599
93545547160.88402
51513031482.015205
3051086072.421776
3051086072.421813
3696951278.631262
36061253713.25816
3051086072.4217854
3051086072.4217606
53849219080.99385
3051086072.421774
3051086072.4217787
3051086072.421795
35395860870.56381
62386875649.49983
35466009075.052635
3051086072.1233196
3051086072.421771
4558905637.44783
3051086072.450739
35662693989.96743
12057284735.072506
3051086072.4217873
3051086072.4217796
5178838114.535765
140078943840.47693
3051086072.4217796
3051086072.4120235
31615963525.830463
31123591429.806362
6026318508.71422
3051086165.4304886
3051086165.4304886
4292194181.10112
37242876194.194244
3051086165.4305363
3051086165.430538
3051086165.329212
11679607471.075966
3051086165.4305253
3051086165.4305725
34220887815.56437
3051086165.4305325
37898068023.48674
3051086165.4305267
3051086165.4305043
3692307838.045416
3051086165.43054
33873014112.40589
3051086165.305544
3051086165.4305277
86302137119.48438
63326978235.09319
3051086165.430542
162576634191.7183
41639422066.85598
69671028204.14546
116787024061.19742
59411266646.44467
3051085981.160774
3051085964.851491
3696959831.3642693
38405538158.44594
3051085981.160774
162576634396.05322
41862636147.747055
3051085981.1607533
3051085981.160777
3051085981.1607723
33639191292.728073
40780398894.86403
37147066876.23778
3051085981.1911335
3051085965.5075984
4546743636.946385
3051085981.1607857
33987811602.580063
11475648993.401505
3051085981.160777
3051085981.160782
9774055602.183174
3051085981.160759
3051085981.160797
3051085981.16078
29474092051.29521
-39082709242.36299
13394148159.774261
25064722931.930824
-7977341820.455368
4620526855.982675
19378704889.675076
7046769221.10358
22177126701.248196
16143414420.152334
7328430654.437788
-7058307437.150001
6234951279.041782
24466708248.448956
57509795885.62719
20525187014.599567
6652464620.370986
-7058323982.43222
28966318568.607048
7518655811.241654
21793489176.79837
27820939109.656036
-7977368181.420298
53457496947.43074
45355123915.73644
25064663119.189674
22177089279.77443
60368251533.95921
152320981270.41995
53457539523.93161
45355079408.386734
25064714258.040874
-7977364105.476497
7328469268.743816
20525190001.238827
7518655579.718354
22177134496.332077
60368217509.62405
4620551120.020205
-7058327154.811994
6652464303.133338
21793484885.13314
152321035961.8354
19378701766.011368
6234950871.632349
-7058302431.641042
27820919081.778908
7046768730.980724
24466713504.48019
28966276774.298317
-7977346608.984224
-39082762479.71912
13394197711.7869
25064673923.040188
22177077801.82908
16143443386.400719
57509751957.31714
9468240447.604279
14815404089.648499
24929609535.011253
-7937140756.338528
16286282531.793447
20527741151.505836
7224641435.124097
22057579119.080486
14815414789.277882
18216867591.425713
-7022731105.788225
6392320661.502297
22453109614.45739
9468186938.885801
22453111713.991196
6392324593.001124
-7022755433.961663
18216890425.91321
7224638733.6412735
20527739411.243263
16286298393.816166
-7937158024.4189205
103096987254.43668
52318810694.281555
24929609753.017742
22057579324.155296
52318795942.081085
103096930384.91547
103097046489.35165
52318828190.535416
24929609264.745216
-7937162158.251546
18216905346.320347
22453112407.151432
7224639445.782933
22057578892.132782
52318827923.59338
16286300978.045885
-7022747623.366188
6392322965.976093
20527738038.086872
103096995407.83516
20527740471.38564
6392321580.538341
-7022739567.156247
16286278399.1982
7224640626.35035
22453112038.271294
18216856225.272675
-7937136371.769077
9468172998.478958
14815390893.556355
24929609555.42062
22057579097.186653
14815377875.903257
9468129461.754234
57509873837.395676
16143473001.868042
25064670702.40568
-7977340801.129954
27820939284.985504
21793487226.822765
7518656194.160756
22177080488.85648
13394215633.258924
28966279122.882893
-7058308995.072408
6652464812.246497
20525186176.846672
-39082754622.40196
24466714411.414585
6234943576.137948
-7058325249.658273
7328463362.447136
7046774679.684223
19378702241.179092
4620532378.453854
-7977366791.24267
152321022868.4578
60368199189.4887
25064730953.55344
22177118253.969036
45355054177.00203
53457428411.710495
152321094371.80914
60368284310.08333
25064673753.53587
-7977364297.919984
28966330028.7847
24466713217.564163
7046779986.3936
22177067674.52673
45355156180.71749
27820959126.472702
-7058333097.272277
6234936068.157948
19378704773.16121
53457510539.02652
21793488614.862408
6652465879.544797
-7058308606.646329
4620504777.506285
7518657296.600955
20525185065.44515
7328423079.058567
-7977338400.769697
57509791445.667694
16143393227.906033
25064734556.47624
22177124643.964146
13394107581.326736
-39082825016.32919
-79420494370.59077
12867948834.458282
12837111029.45504
-11328289677.679838
2353125582.6533375
20426771145.869022
289214130.145063
11573563968.328625
14538899033.770817
3937217950.142893
-10213254763.54896
260745112.30741605
24528638466.822792
94241610581.45895
20952033283.562164
978582423.2374243
-10213277783.693844
34980070435.835556
1085419420.318405
21994279033.57666
33230547494.65055
-11328313945.299892
41997154265.88689
47980701165.71655
12837034587.289568
11573491316.44624
60208266915.00938
219234256197.37567
41997240031.94704
47980608219.859375
12837123704.600416
-11328317411.963741
3937270471.107957
20952038101.67027
1085418651.0029597
11573571779.503477
60208183960.65579
2353162118.33964
-10213279767.969193
978584260.709903
21994271709.618847
219234317442.96957
20426765373.20929
260744102.60396156
-10213256811.88882
33230518984.821766
289213134.3503104
24528647658.80176
34980010712.72687
-11328281162.597734
-79420563096.93132
12868045764.320492
12837008567.433718
11573498819.218557
14538978717.070457
94241529688.27066
7882813411.227588
13692094950.71344
12861448112.253323
-11323779458.588144
17873749521.72152
21118530300.945087
680804963.52201
11595505606.53384
13692097058.909851
19546414592.490604
-10209189605.49567
613799726.7754506
22666434520.373047
7882728149.499489
22666438924.036564
613794966.657251
-10209212299.981426
19546464559.207054
680807035.7859135
21118530271.738842
17873767611.541607
-11323815251.964136
130778505560.3342
53467018151.396805
12861448231.86697
11595505720.090727
53467012758.2639
130778422143.68643
130778590039.68402
53467039062.96977
12861448241.38079
-11323799659.110558
19546467279.29738
22666438660.384586
680809196.2531341
11595505728.664402
53467042335.65987
17873778555.59823
-10209216318.780945
613792565.1109221
21118529349.714478
130778494069.46463
21118529635.51519
613796479.0605088
-10209193713.112967
17873737213.153088
680807854.1146246
22666437131.713943
19546414571.64633
-11323787813.73875
7882744243.470139
13692077050.93366
12861448360.96096
11595505766.547985
13692063847.82969
7882639986.763901
94241683225.98831
14538992123.412323
12837033528.423462
-11328293514.260487
33230528487.915066
21994275410.299107
1085420605.4528522
11573494095.665089
12868067182.802563
34980034854.83062
-10213249663.588148
978581305.2033905
20952036409.34987
-79420543451.6229
24528645559.027657
260754216.8678571
-10213272495.7214
3937243624.0466957
289206396.8217735
20426764427.57599
2353152583.4972343
-11328317534.370756
219234302375.16583
60208177690.613846
12837110169.529762
11573566898.674173
47980581224.64063
41997075052.75276
219234405312.82623
60208303986.27817
12837021256.989546
-11328318917.446262
34980092960.299675
24528640905.411907
289218089.73395294
11573486620.234161
47980733005.78487
33230562500.123226
-10213278718.332722
260740118.86848918
20426770963.10082
41997142938.900505
21994279404.28315
978583308.8458517
-10213256044.265333
2353108168.173292
1085420805.7647307
20952032186.474415
3937198619.255045
-11328282866.089676
94241606666.95087
14538869462.24962
12837136553.379593
11573559807.205538
12867911451.668814
-79420633741.38248
-122052276662.97055
14595013751.159088
1927571833.7475166
-14766605279.362562
3129327384.9941335
22219661013.40805
-6212621543.353944
1767065483.9750216
15543119839.024899
4098057390.7844644
-13537009644.893286
-5695279213.077977
26009663064.986446
132769002682.88364
22369919439.920486
-4629199064.138919
-13537025163.777086
38223687236.88134
-5049679148.712626
23226117918.866707
36529939220.11528
-14766637543.348824
32693280874.773605
50113717076.76831
1927454042.1416113
1767009161.1489527
60214247825.69525
292496013447.2231
32693383483.862774
50113584993.97623
1927560565.1153915
-14766633913.037859
4098117084.1175804
22369925239.857365
-5049681087.056791
1767106803.6025863
60214124563.35657
3129368458.90541
-13537035894.2807
-4629195169.148578
23226108964.98515
292496057866.83685
22219653840.127224
-5695280417.529532
-13537005125.778778
36529908113.655655
-6212622869.279802
26009673951.33268
38223618046.85063
-14766601765.387566
-122052333205.25868
14595148357.984932
1927442458.1926684
1766993776.4305456
15543241447.974867
132768907899.487
6072027397.255323
14968931822.553772
2102796991.67826
-14793591592.954922
19922155746.555202
22605744895.590557
-5592172233.461553
1927699875.4320395
14968937280.010796
21263770851.301167
-13561734941.35438
-5126510742.984162
24088420948.935844
6071931346.342507
24088424419.645554
-5126511023.576117
-13561765399.505585
21263820824.66135
-5592173506.881491
22605744264.031933
19922187684.09431
-14793623436.525192
162713733479.46292
54454515656.44856
2102797012.3066158
1927699888.614121
54454507613.70561
162713639587.1672
162713850635.72586
54454536040.01735
2102797279.3114703
-14793617805.138292
21263840756.722645
24088423487.44375
-5592169670.748621
1927700133.3875196
54454532691.16006
19922200092.952263
-13561771553.557108
-5126514434.037689
22605743608.002743
162713704373.73773
22605744354.86998
-5126515780.718268
-13561741218.626352
19922142499.31382
-5592168209.826631
24088424022.37111
21263753060.12635
-14793586090.274548
6071958421.682953
14968914010.938808
2102797286.2380788
1927700146.588773
14968909686.63209
6071819718.613556
132769108221.90643
15543263089.473679
1927466020.8021653
-14766607516.65032
36529921055.82964
23226111213.739185
-5049675985.781143
1766968481.93426
14595174301.020351
38223631531.64319
-13536998948.152153
-4629201223.824694
22369923897.2706
-122052348409.73903
26009673669.88016
-5695281282.98057
-13537029670.178848
4098101323.52811
-6212621328.873311
22219653190.484695
3129356302.532261
-14766639603.621628
292496079048.5077
60214108601.70494
1927583837.6465783
1767081286.9731264
50113555865.109955
32693182978.8319
292496204593.6471
60214293001.16172
1927463515.7562935
-14766635802.805971
38223710052.97791
26009665915.861282
-6212615210.522247
1766970994.607717
50113762038.53638
36529960033.70595
-13537035023.377487
-5695289478.271091
22219662805.098923
32693266306.74266
23226117756.45214
-4629197850.05681
-13537004424.355268
3129304361.1291013
-5049677196.397182
22369917109.709084
4098038356.745923
-14766603920.6692
132769028225.7716
15543080947.972822
1927581660.5440133
1767084045.9904644
14594965367.215296
-122052478424.27985
-168135404920.42133
18556702817.492676
-8263750838.516081
-18508700608.29766
6204892371.517355
24870843324.94059
-12737867507.68304
-7686749030.346323
18975433430.09097
6904185601.733514
-17216363255.180313
-11848508065.627298
28740690719.9378
174897673192.5429
24793091720.271942
-10386330410.232313
-17216403526.145016
39992715864.0399
-11165974880.835484
25445903733.274925
38765044001.70633
-18508721599.7478
25127719892.91057
52122028892.74012
-8263833162.822546
-7686907878.317825
60697336110.59651
374696850563.8189
25127845910.077477
52121807121.20041
-8263687561.197034
-18508737884.320858
6904258745.988881
24793101983.45082
-11165969653.002737
-7686772452.502743
60697134513.28312
6204959705.523369
-17216397928.47171
-10386337287.484762
25445893257.36169
374696905187.38947
24870832009.885212
-11848509308.116764
-17216357773.534462
38764992215.731995
-12737868854.574173
28740704593.424026
39992630506.15602
-18508696249.547092
-168135448051.60065
18556926116.69846
-8263852567.1225195
-7686931593.578716
18975633563.440273
174897547292.3662
4356259206.400345
18547416207.114716
-7937721177.076904
-18563467566.21531
22585958845.961056
25020554837.312542
-11872792808.293839
-7383483788.140022
18547418641.702003
23565553780.570644
-17267326750.77922
-11043811189.058287
26639465069.873096
4356137571.722795
26639469119.87035
-11043811783.99334
-17267366503.995544
23565626428.207966
-11872794504.322054
25020554212.096764
22586009432.065754
-18563508784.464096
199995761373.28986
55616948165.63188
-7937721231.130169
-7383483866.367064
55616943103.04826
199995637365.25714
199995904967.39304
55616964229.65985
-7937721450.8658905
-18563516190.011864
23565627424.866882
26639468279.60289
-11872796173.016474
-7383484070.758065
55616967607.39474
22586020459.57475
-17267350028.470947
-11043809895.773783
25020553841.7784
199995700444.4001
25020554594.64973
-11043804479.609655
-17267330233.19485
22585948343.63051
-11872801921.310009
26639468643.450832
23565555699.17056
-18563475140.43807
4356191316.902405
18547401137.183533
-7937721504.881226
-7383484122.899432
18547392153.222733
4355992533.08667
174897800971.77835
18975626436.521973
-8263876981.433209
-18508688541.549274
38765023321.05129
25445895466.75507
-11165975427.865068
-7686866365.552092
18556909562.54681
39992643143.42194
-17216374242.23943
-10386329046.771801
24793097783.029827
-168135481348.2661
28740702785.329597
-11848510489.688288
-17216394262.214584
6904244722.154788
-12737867240.52293
24870834007.760513
6204925222.009655
-18508730152.903957
374696915364.4144
60697147404.81558
-8263712363.821567
-7686787009.437862
52121822502.51118
25127605104.957207
374697093941.1161
60697386735.93425
-8263860197.871388
-18508729424.743412
39992732580.529465
28740692927.81609
-12737856308.53289
-7686924644.808761
52122085509.6214
38765071382.53109
-17216407249.49968
-11848523604.209702
24870845604.79734
25127686989.053055
25445904470.576584
-10386330314.4245
-17216367273.711544
6204863295.961694
-11165973968.78613
24793089846.229034
6904173199.216768
-18508687981.566128
174897711345.44284
18975388421.64087
-8263695304.436052
-7686765518.559877
18556644939.713997
-168135641210.87033
-219395234223.4446
24580354480.07495
-18291799852.69899
-22780712080.27192
10993476284.847254
28547279353.394985
-19572494212.826748
-17229122369.34409
24584150493.202427
11621026836.690426
-21457247520.271698
-18435366341.537735
32669040034.431206
222777591822.51648
28275583424.953423
-16522562410.158682
-21457273419.911243
41425904403.55319
-17541659900.015713
28712598510.9019
40828230933.87983
-22780765163.74559
18843075052.979126
54593836196.272224
-18292018773.978443
-17229228612.304962
62131258854.595474
469318232850.7877
18843252068.001358
54593524411.36853
-18291822521.249676
-22780758945.082634
11621135476.30605
28275593725.610397
-17541664563.690907
-17229043771.048916
62130955845.1745
10993544090.959251
-21457291662.42878
-16522553547.767591
28712582821.71447
469318260958.5177
28547266539.18528
-18435368395.741844
-21457240300.193398
40828180534.92112
-19572496405.02438
32669058161.730442
41425778449.77879
-22780706015.547886
-219395283125.58456
24580667148.970894
-18292041855.631035
-17229256491.623573
24584452932.488556
222777423103.6667
2952206085.3652964
24216705144.595642
-17807220704.268578
-22861244831.058773
26021397240.885468
28471687330.20224
-18440755009.87028
-16772695374.091204
24216704249.723694
26655842656.030193
-21533077786.81413
-17369408404.044167
30317960602.70827
2952062697.0823836
30317965225.43378
-17369409392.81362
-21533128569.755196
26655943053.175358
-18440757121.59527
28471686876.334393
26021468463.965706
-22861297210.54131
244139677866.88287
57477782012.79849
-17807220892.991676
-16772695435.102407
57477780292.9323
244139541315.58676
244139867513.21384
57477793528.3497
-17807219682.444595
-22861266508.021107
26655905692.41741
30317963662.9916
-18440739569.60187
-16772694294.881907
57477800762.59678
26021455634.8662
-21533120526.159355
-17369424249.819744
28471684861.878387
244139624701.1358
28471686263.427013
-17369416996.308292
-21533120630.714706
26021408916.448963
-18440747684.73706
30317963396.167133
26655879648.82141
-22861240425.95399
2952109223.003952
24216693012.992798
-17807219808.25159
-16772694417.034744
24216681810.90914
2951892081.8791656
222777735490.77097
24584376121.374695
-18291939393.737373
-22780729792.547764
40828194492.13898
28712589266.431625
-17541652209.121536
-17229253803.63081
24580601650.527058
41425828887.493774
-21457241560.042583
-16522567926.724619
28275589376.859726
-219395269432.3245
32669051922.979813
-18435368703.21795
-21457267224.09986
11621088353.259388
-19572493646.519554
28547269523.830727
10993524641.040956
-22780756182.567345
469318270253.6471
62131035445.45217
-18291830094.6615
-17229147811.5381
54593587946.37287
18842932467.01857
469318509003.751
62131296469.32948
-18291995991.100784
-22780747037.396152
41425878126.645515
32669043341.64867
-19572451875.59621
-17229303895.950504
54593922956.23174
40828302151.85655
-21457303805.78822
-18435415387.3953
28547283950.272167
18843048391.065056
28712595820.40088
-16522551187.846703
-21457252672.33011
10993401324.976871
-17541662921.077484
28275577443.481457
11621055358.763058
-22780694343.596012
222777633915.4314
24584116207.25122
-18291776763.255085
-17229091278.772327
24580265921.364624
-219395506700.275
-278171539159.9833
32507119819.6557
-28692624195.3969
-27825146163.587887
17146268441.198092
33460554369.000645
-27030697546.36898
-27314964096.19878
32183323617.711357
17794098203.979023
-26489137531.53569
-25732900115.613884
37865606936.33381
278855670709.2976
32931909434.141315
-23299025372.92633
-26489202580.31059
43405713297.22919
-24474137209.21154
33166286402.51042
43427588614.588745
-27825179681.3489
13455412974.544678
58198540374.419556
-28692765611.672894
-27315240196.481735
65051178784.692825
580845501630.5762
13455621737.294104
58198168551.70288
-28692550507.268013
-27825196911.93529
17794209859.402203
32931921028.104435
-24474135633.530437
-27315035201.290886
65050820526.024445
17146350944.672235
-26489185843.236088
-23299025353.557884
33166271836.554173
580845538902.6783
33460541071.22333
-25732902150.173004
-26489153483.59364
43427524578.82587
-27030699450.26401
37865624519.70369
43405585415.229706
-27825130459.918594
-278171589357.1957
32507491623.801575
-28692833615.83827
-27315173538.903584
32183681327.793106
278855476090.26746
1925321988.9572074
31804249877.474792
-28033878171.05122
-27931446493.677334
30410554314.552254
33131357491.934067
-25598861470.29883
-26687847391.513012
31804236722.428043
30750276557.236073
-26590366632.29175
-24369748228.928097
35214410332.391754
1925157108.2232177
35214417307.457664
-24369763110.35062
-26590398770.49864
30750406377.127674
-25598855035.062172
33131360201.669395
30410602358.894085
-27931512167.685173
297195943243.9179
60629552837.51471
-28033878273.049877
-26687847391.47287
60629563806.49121
297195793801.9308
297196126219.87494
60629567405.24658
-28033877867.578175
-27931481294.047283
30750354928.90929
35214416821.13833
-25598856095.03625
-26687847005.498642
60629577062.54921
30410606887.20804
-26590397559.006233
-24369761458.25737
33131359272.680984
297195891956.9965
33131356959.364338
-24369748308.057022
-26590365553.06114
30410550544.02074
-25598863251.622353
35214413259.92016
30750329386.14701
-27931481429.671227
1925239707.2874756
31804234480.749718
-28033878071.744797
-26687847204.632355
31804222208.378494
1924948550.1185608
278855801810.3265
32183614760.858063
-28692801177.29007
-27825151838.475903
43427512882.62647
33166277619.704857
-24474138340.251305
-27315132580.399635
32507457391.27241
43405646338.62922
-26489145375.93979
-23299024395.898582
32931918737.599426
-278171594702.7535
37865617734.713615
-25732866542.167816
-26489177693.39747
17794148373.74346
-27030726928.576694
33460540257.336597
17146356409.334385
-27825185028.43792
580845550962.2941
65050889983.91189
-28692660178.838066
-27314994893.543278
58198201359.0869
13455228593.44873
580845789312.7089
65051273863.53524
-28692875356.864395
-27825205778.194637
43405793103.52346
37865605886.141975
-27030734778.131424
-27315199958.792747
58198588526.20707
43427562181.96919
-26489192653.143936
-25732861344.50033
33460554515.948956
13455316050.38399
33166289711.059822
-23299026099.1157
-26489128041.950104
17146292570.01066
-24474137460.271416
32931909195.132263
17794022083.67989
-27825139639.604897
278855714205.5477
32183232429.853798
-28692592443.639236
-27314923819.167408
32507071022.4276
-278171835933.79047
-347397185046.8235
42328928790.24817
-40011187177.62328
-33913479445.910072
24555585355.6919
39869820018.38525
-35470189163.867134
-38432525712.21172
41754591137.390594
25253382011.294224
-32575406058.0011
-34070616289.84257
44519473037.266045
345944414823.4333
38952750728.17304
-31021697463.492153
-32575446833.890266
46579677974.752525
-32295950366.395504
39016999972.64454
47121702762.6356
-33913562571.40065
8677345435.266968
63582323750.949646
-40011546649.60874
-38432701788.19827
69986951367.5913
714839919759.8673
8677589516.60222
63581833764.6604
-40011273766.04272
-33913542421.336155
25253527067.63846
38952763483.04273
-32295948555.461163
-38432439677.70552
69986469073.95085
24555687130.735874
-32575466548.70084
-31021697118.4435
39016983711.64017
714839879999.8848
39869805287.55988
-34070618249.75725
-32575385436.43167
47121621127.17357
-35470191210.583305
44519492156.69012
46579514554.19912
-33913501069.51082
-347397175969.83234
42329418230.14079
-40011453902.24718
-38432792311.10421
41755072994.41614
345944204302.62146
1232716747.4392781
41294086458.06885
-39154109487.991646
-34047802680.97362
35980583895.257034
39231264268.43654
-33689056907.93009
-37609264312.48555
41294096456.31165
36089120949.633766
-32704391034.99577
-32359839844.15446
41516524024.870735
1232594125.1324751
41516524771.061584
-32359823941.852634
-32704471249.29544
36089219161.01933
-33689069673.471622
39231260896.46506
35980701347.10735
-34047843730.61533
361799562032.9549
65649542721.94367
-39154109487.96343
-37609264598.86072
65649530351.78497
361799408471.8611
361799826588.296
65649558003.24652
-39154108895.65509
-34047845817.479073
36089218235.91684
41516523915.55524
-33689070387.40724
-37609264029.888824
65649539792.71223
35980647373.98476
-32704430076.055035
-32359821879.188965
39231259583.93826
361799502687.517
39231264100.25588
-32359840443.105442
-32704430159.079388
35980638949.05339
-33689059102.886925
41516527510.48656
36089123336.90621
-34047804937.189568
1232592015.1259766
41294070006.46123
-39154109187.84318
-37609264173.10325
41294085732.7168
1232347247.0233765
345944699897.2385
41755031631.02408
-40011417517.47688
-33913489111.392456
47121693097.20837
39016985848.64442
-32295949086.58574
-38432746963.879845
42329332976.814095
46579492265.00239
-32575417577.299343
-31021694145.909084
38952757373.29865
-347397273064.41486
44519492139.80159
-34070663896.67482
-32575458218.22732
25253551150.389378
-35470151740.37811
39869810947.159966
24555611395.649185
-33913530383.22323
714839998616.8455
69986517547.9414
-40011238309.46025
-38432571337.42632
63581922386.17871
8677156289.320953
714840401212.2173
69986925884.82802
-40011466224.76401
-33913544922.31168
46579597345.50196
44519481003.29448
-35470117826.29719
-38432789940.030914
63582375636.24443
47121793409.59835
-32575467317.276432
-34070700592.131584
39869824522.52415
8677320411.785288
39016996817.07763
-31021696107.86747
-32575427033.191708
24555497485.97232
-32295948413.531403
38952747965.681725
25253465126.43513
-33913462382.936993
345944547101.7263
41754623002.83765
-40011106720.04663
-38432613989.03118
42328879699.221725
-347397632177.35913
-430615284644.5331
54244640945.51611
-52830851286.81564
-41362178247.25556
33320807403.90599
48096873600.64121
-45305378769.20695
-51126227324.38895
53487217241.37805
34069355294.20604
-40027598953.85814
-43843467909.99722
52930137548.64457
427375319894.1776
46614370872.9889
-40054508618.78777
-40027599202.654045
51442489942.89192
-41389985120.13422
46547387566.54192
52381748655.97864
-41362229936.60556
4288166963.2039795
71349789352.51791
-52831077303.90702
-51126227311.99209
77458184374.5833
878079564860.3132
4288444475.1769943
71349381528.90125
-52830844632.553856
-41362229296.51336
34069508972.153748
46614373039.74262
-41390009981.18684
-51126002154.87437
77457743716.32631
33320840268.94496
-40027648355.94702
-40054466919.14593
46547368459.17271
878079449305.1476
48096867169.28159
-43843472620.5585
-40027597713.784996
52381727434.0793
-45305383643.45668
52930155574.09124
51442319709.06408
-41362126485.405945
-430615352146.09076
54245046459.87189
-52831297320.68862
-51126224916.3767
53487656661.16245
427375128118.8738
789728165.5064029
52874347638.282776
-51741370864.454445
-41528739533.44911
43018322533.437904
47071151062.409485
-43107093436.33574
-50071899741.50615
52874318468.87262
42956340228.0767
-40188736895.81543
-41716145931.965706
49509883345.44525
789437380.6603092
49509894126.57345
-41716170525.9419
-40188786942.71016
42956561775.96623
-43107084329.87377
47071157121.63974
43018398667.059135
-41528841176.75824
441227017290.04974
73088671949.0504
-51741371258.36127
-50071899935.25168
73088698757.67607
441226798515.8835
441227299161.235
73088666029.862
-51741365777.36298
-41528738238.88635
42956460268.27012
49509889463.62197
-43107046049.41964
-50071894631.14556
73088678207.45969
43018396855.476395
-40188832990.39224
-41716199495.82658
47071151527.75955
441226882655.2023
47071146453.71904
-41716177404.39776
-40188783150.89056
43018318226.19686
-43107056529.36224
49509882919.11079
42956433582.90511
-41528738344.307846
789670899.8653564
52874344866.85621
-51741365974.3885
-50071894824.84374
52874330588.1568
789186757.7410583
427375551797.7022
53487475566.08087
-52831018714.28063
-41362212271.80252
52381603997.33021
46547378075.74808
-41389947704.59982
-51126389349.69191
54244993342.16243
51442486025.50686
-40027533291.713165
-40054537517.20241
46614373270.23071
-430615322317.8473
52930143530.49501
-43843414628.30622
-40027583849.34747
34069344823.610912
-45305426954.13704
48096863072.411514
33320956661.15832
-41362263770.397446
878079517190.0715
77457920157.85857
-52830793313.02184
-51126167404.4391
71349429207.97238
4287929769.0846252
878079798168.9573
77458264844.64734
-52831016465.90012
-41362213120.81833
51442468558.275444
52930135320.84747
-45305329229.40583
-51126383763.996544
71349916424.95164
52381814959.3643
-40027630962.71275
-43843514471.31433
48096874440.02684
4288151013.4683766
46547379294.72593
-40054498333.47186
-40027580611.56283
33320728522.571705
-41389973930.34096
46614358424.970795
34069370201.20496
-41362162085.09865
427375458918.54486
53487124552.6138
-52830790624.65269
-51126161398.02272
54244499610.11118
-430615666585.69836
-532077743939.8194
68663073301.79956
-67804049696.17126
-50550787676.28763
43713146706.91651
58547655725.76583
-57024999325.85098
-66022191506.14574
67777524111.21936
44502783560.9513
-49222337073.94323
-55526538653.24859
63506146988.145805
527187098671.46375
56287470210.33592
-50834688862.28745
-49222400354.99694
58429353600.88783
-52206654982.695465
56125258039.482605
59653605162.80791
-50550788000.01737
97879747.59503174
82105768383.79285
-67804049678.81633
-66022470557.59047
88014059267.68176
1078815921813.6628
97963765.31529573
82105358417.54175
-67803839473.04132
-50550837935.74375
44502884003.92608
56287482984.139725
-52206638296.546585
-66022265883.27228
88013668363.04013
43713250398.772766
-49222386012.510445
-50834715936.35362
56125254655.11246
1078816000371.8838
58547646251.22321
-55526538781.64725
-49222322988.90079
59653516643.16029
-57024999464.58222
63506156449.553185
58429247097.70043
-50550774067.329605
-532077653967.23346
68663487138.32283
-67804122824.623535
-66022545486.89274
67777919209.63993
527186947056.0897
514265207.8639215
66938885814.662964
-66436783542.93358
-50755916803.01807
51883720094.99346
57035484786.85384
-54319475089.04427
-64690856711.18334
66938874948.50683
51701741782.63029
-49422137642.42172
-52892028595.04249
59581618254.75866
514041012.3403299
59581622595.5701
-52892030720.90945
-49422199907.47156
51701893813.04418
-54319477769.437775
57035485981.33305
51883807740.42947
-50755979902.700905
539507421613.22015
83511473295.22069
-66436783800.04445
-64690856711.13994
83511482317.67442
539507193021.42737
539507639886.8134
83511482276.07983
-66436784813.71002
-50755997966.4606
51701830859.849365
59581620128.440254
-54319476398.51215
-64690857698.178406
83511498379.0664
51883809502.90578
-49422153715.235886
-52892027523.93794
57035483463.86139
539507214462.99506
57035489099.509926
-52892011871.33804
-49422153715.25524
51883721700.4578
-54319502532.810905
59581624971.2316
51701808406.6725
-50755935128.727036
514217073.23669434
66938878200.23921
-66436785070.77292
-64690857951.93759
66938860824.42833
513806652.85494995
527187332888.22076
67777953472.60553
-67804266175.05991
-50550740299.34704
59653583716.75943
56125254442.35115
-52206681231.821625
-66022402296.083694
68663475842.6701
58429203512.766945
-49222354925.5356
-50834670207.13685
56287480602.91463
-532077791015.2439
63506157209.1273
-55526539897.30779
-49222417825.18245
44502924383.53025
-57024999007.15047
58547647179.77796
43713180674.70543
-50550804042.18583
1078816045898.358
88013640935.95972
-67803983908.056244
-66022123762.72326
82105373378.18117
97552432.14465332
1078816417113.7312
88014192699.7845
-67804268985.7078
-50550807219.22061
58429389075.6088
63506147852.68948
-57025005233.60109
-66022401341.369385
82105912666.30081
59653654781.339676
-49222417278.984535
-55526537326.827225
58547659666.9358
97638811.48255649
56125264490.03948
-50834671509.119385
-49222354636.76526
43713098307.92362
-52206680391.36495
56287472023.98029
44502755675.550186
-50550743737.2368
527187222823.6132
67777402544.095505
-67803986158.75641
-66022122255.4562
68662937839.60434
-532078151795.1385
-656929389893.7516
86195596907.17505
-85687284981.65573
-61942959398.865906
56153893514.31416
71737197307.7539
-71214606282.23396
-83859380133.90256
85223313863.00911
56972598117.66522
-60621574908.20623
-69695438232.46669
76774535542.1298
650342055057.8098
68450695817.95082
-63892271035.438
-60621653360.63026
67993967003.39181
-65284947451.69817
68222316354.82612
69413359340.82784
-61943038950.36956
-4077699508.7677
96517558820.62686
-85687637775.64482
-83859728812.17732
102287593738.58466
1327157775432.7646
-4077269866.802704
96517058700.04712
-85687365676.6829
-61943016999.46702
56972773607.3519
68450693297.73637
-65284963181.77228
-83859462525.40431
102287051856.1629
56153933482.65746
-60621631280.03757
-63892233337.52603
68222296356.841576
1327157434828.5625
71737192479.98459
-69695442597.46768
-60621631194.291435
69413326088.44464
-71214610749.34904
76774550373.3054
67993775113.762665
-61942937771.915886
-656929424299.7947
86196088457.54654
-85687719191.29562
-83859463214.4818
85223847956.54309
650341855008.4005
344391270.59914446
84079727374.49158
-83982986871.33403
-62195334415.23739
63027253137.93129
69614906310.79529
-67885275365.73351
-82191437933.71979
84079690031.77184
62763431660.6275
-60868567020.54464
-66437075442.72012
72231608088.6774
344124346.4182034
72231622536.67293
-66437115060.07353
-60868567020.54067
62763609825.34762
-67885261871.13548
69614918847.96149
63027256338.12572
-62195412673.132614
661601898510.7986
97554406679.51584
-83982986871.2554
-82191438585.55176
97554443551.85342
661601889583.9083
661602324286.0227
97554429800.80127
-83982984691.3214
-62195354974.49296
62763624713.676834
72231624925.0105
-67885265201.222885
-82191436452.12956
97554407473.68285
63027308395.6712
-60868662742.0957
-66437116609.13583
69614920553.91678
661602032713.0995
69614901548.12546
-66437098356.53222
-60868508387.275734
63027201272.816666
-67885245169.786835
72231606463.26996
62763416070.47655
-62195354974.5014
344236239.50390625
84079701082.86589
-83982985020.76073
-82191436451.93655
84079722971.38078
343763038.38150024
650342283181.6539
85223934367.49695
-85687633421.38281
-61942992673.28519
69413139619.8466
68222303191.40506
-65284916776.03376
-83859721140.79018
86196310733.31947
67993872380.43989
-60621530454.51083
-63892293224.12022
68450701430.67596
-656929253363.0853
76774541228.26164
-69695350558.63196
-60621608906.69721
56972668512.29117
-71214679866.16995
71737178441.97896
56154116997.52904
-61943071727.08388
1327157589532.9438
102286964276.23148
-85687281299.57318
-83859372462.3732
96516833407.01407
-4078149045.225006
1327158306934.807
102287442281.28645
-85687544674.3424
-61943053000.44944
67993941324.27304
76774529017.29774
-71214598685.1766
-83859630211.02814
96517377564.61533
69413288531.95264
-60621587302.67877
-69695424209.86046
71737182541.63184
-4077868686.9614177
68222311389.24146
-63892295712.98283
-60621587954.85007
56153956505.66576
-65284917823.51643
68450696276.54641
56972609049.20011
-61942974270.30466
650341994372.7324
85223448648.19632
-85687191831.48492
-83859630519.62177
86195759776.77185
-656929767264.4966
-811461241033.6635
107658095501.79321
-107380141680.21312
-76110778831.93703
71208295458.3081
88317886216.34557
-88583701274.58215
-105525836682.49011
106628897900.75496
72046229314.83926
-74796452135.15955
-87053785234.39536
93400890920.51776
802978404967.5125
83710785203.30635
-79874563146.01477
-74796452135.15665
80668043252.49324
-81278122835.6151
83437832082.33272
82217007257.07953
-76110877246.49335
-8428449511.650269
115379657808.21416
-107380580760.94698
-105525836682.49544
121051836065.74619
1635570128409.2925
-8427640134.337055
115379453147.78516
-107380462726.01662
-76110800435.66049
72046318479.12717
83710772318.2768
-81278140043.46272
-105525719783.99936
121051587520.42244
71208268430.48203
-74796473365.45464
-79874512954.39557
83437811916.54913
1635570034310.432
88317889810.80644
-87053792491.68939
-74796473365.45352
82217031920.02254
-88583707836.8094
93400902056.06625
80667943004.68845
-76110800320.49507
-811461722955.3625
107658287320.58545
-107380463610.66814
-105525719784.00575
106629133992.71767
802977939850.8446
238473256.4768586
105090243731.69006
-105262477586.54527
-76421493132.8847
77011618356.56169
85432024933.76869
-84482178992.91158
-103444742098.72665
105090244534.01578
76693499591.10046
-75101705399.8065
-83023223908.93663
88092548405.82487
238104639.11533776
88092550616.40845
-83023225978.2765
-75101705399.8063
76693497598.65245
-84482180797.51137
85432026616.11235
77011615898.3144
-76421493132.87573
813648562163.226
115985546680.66948
-105262478421.35722
-103444742098.72202
115985545305.07217
813648187302.7686
813649212326.9343
115985449053.15033
-105262463207.44833
-76421485090.10284
76693514728.45302
88092527224.14023
-84482056014.6835
-103444727147.53743
115985486529.88603
77011723124.96912
-75101792731.90857
-83023299875.94998
85431999133.83379
813648552757.8478
85432026548.8395
-83023261004.10031
-75101792731.90865
77011494946.7531
-84482149738.30418
88092554712.62251
76693461209.6715
-76421291472.8754
238186251.68096924
105090314015.48492
-105262463207.07428
-103444727147.53854
105090276131.2017
237690927.90753174
802979268373.6345
106629245886.66193
-107380356293.54163
-76110821003.5771
82216849326.41153
83437803322.03445
-81278030734.22466
-105526047589.74805
107658493387.05287
80667959510.88582
-74796397485.04858
-79874605573.70908
83710764074.63821
-811462031973.569
93400907888.50443
-87053795690.46436
-74796397485.05095
72046295305.92421
-88583712445.2462
88317890832.11102
71208448387.38412
-76110919418.00351
1635570453620.8398
121051472417.7124
-107379917212.19626
-105526047589.74353
115379243337.7104
-8428709027.20874
1635570664021.1606
121051261321.02367
-107379995294.03326
-76110679160.0582
80667385652.54375
93400887573.90524
-88583288536.70259
-105526125225.0764
115379551252.53322
82217440632.85706
-74796546512.34929
-87054175597.60927
88317869287.55519
-8427724441.624367
83437774408.3196
-79874479195.05275
-74796546512.35526
71207814033.4841
-81278104708.01923
83710736692.72594
72046824330.45273
-76110679994.27838
802979286386.2992
106629396032.5471
-107379995686.62102
-105526125225.0516
107658122429.31941
-811462516514.2769
